7 
7 
7 
8 
8 
8 
8 
8 
10 
21 
33 
44 
49 
53 
54 
56 
56 
47 
28 
14 
4 
-2 
-5 
-8 
-6 
-1 
2 
5 
4 
-14 
39 
222 
249 
187 
34 
-96 
-111 
-85 
-51 
-24 
-9 
-1 
52 
51 
52 
52 
54 
57 
63 
69 
70 
61 
47 
38 
29 
14 
3 
-4 
-7 
-5 
-6 
-2 
1 
-2 
-1 
-3 
-2 
-5 
-5 
-2 
0 
3 
4 
5 
6 
7 
8 
7 
7 
7 
8 
8 
8 
8 
8 
9 
8 
8 
8 
9 
9 
9 
9 
9 
9 
9 
10 
10 
6 
5 
5 
5 
6 
6 
6 
6 
6 
6 
7 
5 
7 
6 
7 
7 
7 
7 
7 
7 
7 
7 
7 
8 
8 
8 
8 
8 
8 
8 
9 
14 
27 
41 
52 
54 
54 
54 
57 
53 
37 
20 
8 
0 
-5 
-8 
-7 
-2 
3 
5 
5 
-10 
21 
190 
258 
196 
68 
-85 
-114 
-90 
-56 
-28 
-11 
-2 
54 
51 
52 
51 
54 
57 
63 
69 
70 
62 
49 
40 
30 
17 
5 
-4 
-7 
-5 
-5 
-3 
1 
2 
4 
3 
0 
-4 
-5 
-3 
-1 
2 
4 
5 
6 
7 
7 
7 
7 
7 
7 
8 
8 
9 
9 
9 
7 
8 
8 
8 
9 
9 
9 
9 
9 
6 
5 
5 
5 
5 
5 
5 
6 
6 
6 
6 
6 
6 
7 
7 
7 
6 
6 
6 
6 
7 
7 
7 
7 
7 
8 
7 
8 
8 
8 
8 
8 
12 
18 
29 
42 
51 
53 
54 
54 
56 
55 
44 
26 
12 
2 
-4 
-6 
-8 
-5 
-1 
3 
6 
2 
-14 
87 
279 
225 
155 
-42 
-111 
-101 
-67 
-35 
-19 
-9 
-3 
0 
2 
4 
14 
25 
35 
43 
48 
54 
54 
50 
53 
51 
54 
56 
62 
67 
70 
64 
52 
40 
31 
19 
6 
-2 
-7 
-5 
-6 
0 
5 
4 
4 
4 
1 
-4 
-6 
-3 
-1 
1 
4 
5 
6 
7 
7 
7 
7 
8 
8 
8 
8 
8 
8 
8 
8 
8 
8 
8 
9 
9 
9 
5 
4 
4 
4 
5 
5 
5 
5 
5 
5 
6 
6 
6 
6 
6 
6 
7 
6 
6 
6 
6 
7 
6 
7 
7 
7 
7 
7 
7 
7 
7 
8 
11 
12 
12 
12 
14 
26 
37 
48 
54 
52 
54 
56 
56 
48 
30 
16 
5 
-2 
-5 
-8 
-7 
-2 
1 
5 
6 
-10 
21 
188 
258 
196 
70 
-84 
-117 
-95 
-61 
-32 
-15 
-7 
-2 
1 
3 
8 
20 
30 
38 
45 
50 
54 
52 
51 
52 
52 
55 
60 
67 
71 
64 
52 
41 
32 
21 
7 
-2 
-3 
-1 
-1 
1 
4 
4 
3 
3 
0 
-4 
-6 
-4 
-1 
2 
4 
5 
6 
7 
7 
7 
7 
8 
8 
8 
8 
8 
7 
8 
8 
8 
8 
8 
4 
4 
4 
4 
4 
4 
4 
5 
5 
5 
6 
6 
6 
6 
6 
6 
6 
6 
7 
7 
7 
7 
6 
6 
6 
8 
8 
8 
8 
9 
8 
9 
17 
29 
42 
52 
54 
54 
55 
56 
54 
43 
25 
11 
3 
-4 
-6 
-8 
-5 
0 
3 
6 
3 
-15 
68 
267 
236 
175 
-7 
-106 
-107 
-77 
-43 
-20 
-11 
-6 
-1 
2 
4 
13 
25 
33 
42 
48 
53 
54 
50 
52 
51 
54 
56 
61 
67 
71 
65 
52 
41 
32 
20 
7 
-2 
-7 
-5 
-6 
-4 
4 
4 
4 
4 
0 
-4 
-6 
-3 
0 
2 
4 
5 
6 
6 
7 
7 
7 
8 
8 
8 
8 
8 
8 
8 
8 
8 
8 
8 
9 
9 
9 
9 
5 
4 
5 
5 
5 
5 
6 
6 
6 
6 
6 
6 
6 
5 
7 
6 
6 
6 
7 
6 
6 
7 
7 
7 
7 
7 
7 
7 
7 
8 
8 
8 
11 
12 
12 
18 
29 
42 
51 
53 
53 
54 
56 
54 
42 
25 
11 
2 
-5 
-6 
-7 
-5 
0 
3 
6 
2 
-15 
70 
267 
236 
175 
-7 
-106 
-108 
-82 
-48 
-25 
-13 
-5 
-1 
2 
3 
10 
22 
38 
46 
51 
55 
52 
51 
52 
53 
55 
59 
65 
70 
68 
57 
44 
34 
25 
10 
0 
-5 
-6 
-1 
0 
3 
5 
3 
4 
1 
-2 
-6 
-5 
-1 
1 
3 
5 
6 
6 
7 
6 
7 
7 
8 
8 
8 
8 
9 
8 
8 
8 
8 
8 
8 
8 
5 
4 
4 
5 
5 
5 
5 
5 
5 
5 
6 
6 
6 
6 
6 
7 
7 
7 
7 
7 
6 
6 
6 
7 
7 
7 
7 
7 
7 
7 
8 
8 
11 
13 
12 
13 
13 
15 
26 
38 
49 
54 
53 
54 
55 
56 
48 
30 
15 
5 
-2 
-5 
-8 
-7 
-2 
2 
5 
6 
-10 
22 
191 
257 
195 
65 
-89 
-118 
-95 
-61 
-31 
-16 
-6 
53 
51 
52 
53 
54 
58 
64 
70 
69 
60 
46 
38 
27 
14 
6 
0 
-2 
0 
-1 
2 
5 
2 
4 
1 
-1 
-5 
-5 
-2 
0 
3 
4 
5 
5 
6 
7 
7 
7 
7 
7 
8 
8 
7 
8 
8 
8 
8 
5 
3 
4 
4 
4 
5 
5 
5 
4 
5 
5 
5 
6 
5 
6 
6 
6 
6 
6 
6 
6 
7 
7 
6 
6 
7 
7 
7 
7 
7 
7 
7 
12 
13 
13 
12 
12 
12 
12 
12 
15 
25 
37 
48 
53 
53 
54 
56 
56 
48 
30 
15 
4 
-3 
-5 
-8 
-7 
-2 
2 
5 
5 
-12 
26 
198 
252 
189 
53 
-93 
-118 
-93 
-60 
-31 
-15 
-6 
54 
51 
52 
52 
53 
58 
62 
69 
71 
62 
49 
43 
34 
22 
9 
2 
-3 
-1 
-1 
1 
5 
3 
3 
2 
0 
-6 
-6 
-4 
0 
2 
4 
5 
6 
6 
6 
7 
7 
8 
8 
8 
8 
7 
7 
5 
3 
3 
3 
3 
4 
4 
5 
5 
5 
5 
4 
4 
5 
6 
6 
6 
6 
6 
6 
6 
7 
6 
7 
7 
7 
6 
7 
6 
6 
7 
7 
11 
13 
12 
11 
12 
12 
12 
12 
12 
12 
11 
12 
20 
31 
43 
52 
52 
54 
54 
56 
54 
38 
22 
9 
1 
-5 
-7 
-8 
-4 
0 
4 
6 
-3 
-15 
99 
272 
219 
152 
-42 
-115 
-108 
-76 
-43 
-21 
-10 
-4 
0 
2 
4 
12 
24 
33 
42 
47 
52 
55 
50 
52 
51 
54 
55 
60 
67 
74 
71 
58 
47 
37 
27 
12 
3 
-2 
-1 
-1 
0 
4 
3 
3 
3 
-1 
-5 
-6 
-4 
0 
2 
4 
4 
5 
6 
7 
7 
7 
7 
8 
8 
4 
3 
3 
4 
4 
4 
4 
4 
5 
5 
5 
5 
5 
5 
5 
5 
5 
5 
5 
6 
6 
6 
6 
6 
6 
6 
7 
7 
7 
7 
7 
6 
11 
12 
12 
12 
11 
11 
12 
12 
12 
12 
12 
12 
13 
13 
14 
26 
38 
49 
54 
53 
53 
55 
55 
47 
29 
14 
4 
-3 
-6 
-8 
-6 
-2 
-1 
1 
0 
-18 
28 
208 
248 
186 
40 
-96 
-116 
-91 
-57 
-30 
-15 
-6 
54 
51 
52 
52 
54 
61 
68 
73 
74 
66 
53 
43 
34 
20 
8 
1 
-3 
-1 
-1 
1 
5 
3 
3 
2 
0 
-6 
-6 
-4 
0 
2 
4 
5 
5 
6 
7 
7 
7 
3 
3 
3 
3 
3 
3 
4 
4 
4 
4 
4 
5 
5 
5 
5 
5 
5 
5 
5 
5 
5 
5 
5 
6 
6 
6 
6 
7 
7 
7 
7 
7 
10 
12 
12 
12 
12 
12 
11 
11 
12 
12 
12 
12 
12 
12 
12 
12 
12 
12 
21 
33 
45 
53 
53 
54 
55 
55 
52 
37 
20 
8 
0 
-6 
-11 
-13 
-9 
-5 
0 
2 
-5 
-12 
114 
270 
213 
136 
-55 
-117 
-104 
-72 
-39 
-19 
-8 
-3 
1 
2 
4 
18 
28 
37 
44 
50 
55 
54 
51 
56 
57 
59 
62 
68 
74 
75 
66 
53 
43 
34 
20 
8 
1 
-3 
-1 
-1 
2 
5 
3 
3 
2 
0 
-6 
-6 
-3 
0 
2 
4 
5 
5 
6 
3 
2 
2 
2 
3 
3 
3 
3 
3 
3 
4 
4 
4 
4 
4 
5 
5 
5 
5 
5 
6 
6 
6 
5 
5 
6 
6 
6 
6 
6 
6 
6 
10 
11 
11 
11 
11 
11 
11 
12 
11 
11 
11 
11 
12 
12 
12 
12 
12 
12 
13 
12 
11 
16 
27 
40 
50 
53 
53 
54 
56 
54 
40 
22 
6 
-4 
-10 
-11 
-12 
-9 
-4 
0 
2 
-4 
-16 
95 
274 
221 
156 
-38 
-114 
-109 
-77 
-43 
-21 
-10 
-4 
0 
3 
3 
12 
24 
34 
42 
48 
56 
60 
56 
56 
56 
58 
60 
65 
71 
75 
70 
57 
46 
37 
26 
11 
3 
-2 
-2 
-1 
0 
4 
3 
3 
3 
0 
-5 
-7 
-4 
-1 
1 
3 
1 
1 
0 
1 
2 
3 
3 
4 
3 
3 
4 
3 
4 
4 
4 
4 
4 
4 
4 
5 
5 
5 
5 
5 
6 
5 
5 
5 
6 
6 
6 
6 
9 
11 
11 
11 
11 
11 
11 
11 
11 
10 
11 
11 
11 
11 
11 
11 
12 
12 
12 
12 
12 
11 
11 
11 
13 
23 
36 
47 
53 
52 
54 
55 
52 
45 
27 
9 
-1 
-8 
-10 
-12 
-9 
-5 
-2 
1 
-2 
-16 
100 
273 
215 
141 
-52 
-116 
-105 
-72 
-41 
-20 
-9 
-3 
0 
3 
4 
58 
59 
64 
71 
75 
70 
58 
47 
38 
27 
12 
3 
-3 
-2 
-2 
0 
3 
3 
2 
3 
0 
-5 
-7 
-4 
-5 
-4 
-2 
0 
1 
1 
2 
2 
3 
3 
3 
4 
4 
4 
4 
4 
4 
4 
4 
4 
4 
4 
5 
5 
5 
5 
6 
6 
5 
5 
5 
5 
9 
10 
11 
11 
10 
10 
11 
11 
11 
11 
11 
11 
11 
11 
11 
11 
11 
11 
12 
11 
12 
12 
12 
12 
12 
11 
11 
12 
22 
34 
45 
53 
49 
48 
49 
51 
46 
30 
13 
3 
-5 
-9 
-12 
-11 
-8 
-3 
0 
2 
-8 
-3 
144 
262 
201 
88 
-83 
-117 
-95 
-60 
-31 
-15 
-6 
0 
3 
7 
14 
27 
37 
45 
51 
56 
60 
56 
56 
56 
57 
60 
64 
70 
74 
72 
60 
48 
38 
28 
13 
4 
-2 
-2 
-1 
-1 
3 
4 
2 
3 
0 
-7 
-11 
-10 
-6 
-4 
-2 
-1 
1 
1 
2 
3 
3 
3 
3 
4 
4 
4 
4 
3 
4 
4 
4 
4 
4 
4 
5 
5 
5 
5 
6 
6 
6 
9 
10 
10 
10 
11 
10 
10 
11 
10 
11 
11 
11 
11 
11 
11 
11 
11 
11 
11 
11 
11 
11 
12 
13 
21 
32 
45 
52 
53 
53 
54 
55 
49 
32 
15 
4 
-5 
-10 
-12 
-12 
-8 
-4 
0 
2 
-6 
-10 
120 
268 
211 
134 
-56 
-117 
-104 
-71 
-39 
-19 
-8 
-3 
1 
2 
5 
17 
28 
40 
48 
54 
59 
58 
55 
56 
56 
58 
62 
67 
73 
74 
64 
51 
41 
32 
18 
6 
0 
-2 
-1 
-1 
2 
5 
3 
4 
1 
-2 
-6 
-6 
-3 
-4 
-2 
-1 
1 
1 
2 
2 
3 
3 
3 
3 
3 
3 
3 
4 
4 
4 
4 
4 
5 
5 
5 
5 
5 
5 
5 
5 
6 
6 
6 
5 
6 
10 
11 
11 
11 
10 
11 
11 
11 
11 
11 
12 
11 
12 
11 
11 
11 
11 
11 
12 
12 
12 
11 
12 
12 
11 
12 
12 
20 
32 
43 
52 
52 
50 
50 
52 
48 
34 
17 
5 
-4 
-9 
-12 
-12 
-8 
-4 
0 
2 
-5 
-13 
107 
272 
217 
147 
-46 
-115 
-107 
-75 
-42 
-21 
-9 
-3 
0 
2 
7 
58 
59 
64 
70 
75 
70 
59 
47 
38 
27 
12 
3 
-2 
-1 
-2 
0 
3 
3 
2 
4 
0 
-10 
-11 
-7 
-5 
-2 
-1 
0 
1 
2 
2 
3 
3 
4 
4 
4 
5 
5 
4 
4 
4 
4 
4 
4 
5 
4 
5 
5 
5 
5 
6 
6 
6 
9 
11 
11 
11 
10 
10 
10 
11 
10 
11 
11 
11 
11 
11 
11 
11 
11 
11 
11 
11 
11 
12 
12 
12 
12 
12 
11 
11 
11 
12 
18 
29 
38 
46 
48 
48 
49 
51 
49 
38 
20 
6 
-3 
-9 
-11 
-12 
-9 
-4 
-1 
2 
-2 
-19 
73 
271 
229 
168 
-19 
-112 
-110 
-80 
-46 
-24 
-11 
0 
5 
7 
8 
15 
29 
39 
46 
52 
57 
59 
56 
56 
55 
58 
59 
65 
70 
75 
69 
57 
45 
37 
26 
11 
3 
-2 
-1 
-1 
0 
3 
3 
-1 
-3 
-6 
-10 
-10 
-8 
-5 
-2 
0 
0 
1 
2 
2 
3 
3 
3 
3 
3 
4 
4 
4 
5 
4 
4 
4 
4 
4 
5 
5 
5 
6 
6 
9 
10 
10 
10 
11 
11 
10 
10 
10 
10 
10 
11 
11 
11 
11 
10 
11 
11 
11 
11 
11 
11 
11 
12 
11 
12 
12 
12 
11 
11 
11 
11 
9 
14 
26 
39 
47 
48 
50 
49 
52 
48 
35 
18 
6 
-3 
-9 
-11 
-12 
-9 
-4 
-1 
2 
-3 
-15 
95 
273 
220 
154 
-40 
-115 
-107 
-76 
-39 
-16 
-4 
1 
5 
7 
8 
18 
29 
39 
46 
52 
57 
59 
55 
56 
55 
58 
60 
65 
70 
75 
69 
57 
46 
36 
25 
12 
3 
-3 
-1 
-2 
-4 
-1 
-1 
-2 
-1 
-4 
-9 
-11 
-8 
-6 
-3 
-1 
-1 
1 
2 
2 
3 
3 
3 
4 
4 
4 
3 
3 
4 
4 
4 
4 
4 
4 
5 
5 
8 
9 
10 
10 
10 
10 
9 
9 
10 
10 
10 
10 
10 
10 
10 
11 
11 
10 
11 
10 
10 
11 
11 
11 
11 
11 
11 
12 
12 
12 
12 
11 
8 
7 
7 
8 
11 
23 
35 
45 
49 
48 
49 
52 
51 
41 
23 
8 
-1 
-7 
-10 
-13 
-10 
-5 
-2 
2 
0 
-20 
44 
233 
241 
179 
15 
-100 
-110 
-82 
-48 
-23 
-8 
0 
4 
6 
7 
15 
26 
36 
44 
51 
56 
59 
56 
56 
55 
57 
59 
63 
69 
74 
72 
60 
48 
38 
28 
13 
4 
-6 
-7 
-6 
-6 
-1 
-1 
-2 
-2 
-4 
-9 
-11 
-8 
-6 
-3 
-1 
0 
1 
2 
3 
3 
3 
3 
3 
4 
4 
4 
5 
4 
4 
5 
4 
4 
8 
9 
9 
9 
9 
10 
10 
10 
10 
10 
9 
9 
10 
10 
10 
10 
10 
11 
11 
11 
11 
10 
10 
10 
11 
11 
11 
11 
11 
11 
13 
24 
32 
42 
49 
48 
49 
50 
51 
45 
27 
13 
2 
-6 
-10 
-12 
-11 
-7 
-3 
1 
2 
-11 
7 
163 
259 
198 
88 
-80 
-118 
-98 
-64 
-34 
-17 
-3 
2 
6 
8 
10 
22 
33 
42 
49 
54 
59 
57 
55 
56 
56 
58 
62 
67 
73 
74 
64 
51 
41 
32 
19 
6 
0 
-3 
-1 
-2 
2 
5 
-1 
-2 
-4 
-6 
-10 
-10 
-7 
-4 
-2 
-1 
1 
1 
2 
3 
3 
3 
4 
4 
4 
4 
3 
3 
3 
4 
4 
4 
4 
5 
5 
5 
5 
5 
9 
10 
10 
10 
10 
10 
10 
10 
10 
10 
10 
10 
11 
10 
11 
11 
10 
10 
12 
10 
11 
11 
11 
11 
11 
12 
12 
12 
12 
12 
12 
11 
8 
9 
20 
32 
43 
49 
48 
49 
50 
51 
44 
27 
11 
1 
-6 
-10 
-13 
-11 
-7 
-2 
0 
2 
-13 
15 
180 
256 
193 
70 
-86 
-118 
-95 
-58 
-27 
-10 
-1 
3 
6 
8 
10 
22 
32 
41 
48 
53 
58 
58 
55 
56 
56 
58 
61 
67 
73 
73 
65 
52 
42 
33 
19 
7 
1 
-3 
-1 
-5 
-3 
0 
-2 
-1 
-2 
-6 
-10 
-10 
-7 
-5 
-3 
-1 
1 
1 
2 
2 
3 
3 
3 
4 
4 
4 
4 
4 
4 
4 
4 
4 
4 
5 
5 
9 
10 
11 
10 
10 
10 
10 
10 
9 
9 
10 
10 
10 
10 
10 
11 
11 
11 
11 
10 
11 
11 
11 
11 
11 
11 
11 
11 
11 
12 
12 
12 
8 
7 
7 
7 
7 
15 
27 
40 
48 
49 
50 
50 
52 
48 
32 
16 
4 
-5 
-10 
-11 
-12 
-8 
-4 
-1 
2 
-6 
-10 
119 
269 
213 
136 
-51 
-111 
-100 
-67 
-35 
-15 
-4 
59 
55 
56 
55 
57 
59 
64 
70 
75 
70 
58 
46 
37 
26 
12 
-1 
-8 
-6 
-6 
-5 
-1 
-1 
-2 
-1 
-4 
-9 
-11 
-8 
-6 
-3 
-1 
1 
1 
2 
2 
3 
3 
3 
3 
4 
4 
4 
4 
5 
4 
4 
4 
8 
10 
10 
9 
9 
9 
10 
10 
9 
9 
9 
11 
10 
10 
10 
10 
10 
10 
10 
11 
11 
10 
10 
10 
10 
10 
11 
11 
11 
11 
11 
11 
8 
7 
7 
7 
7 
7 
7 
7 
9 
18 
30 
42 
49 
48 
50 
51 
52 
44 
26 
11 
0 
-7 
-10 
-12 
-11 
-6 
-2 
1 
0 
-18 
34 
221 
249 
187 
35 
-94 
-111 
-85 
-50 
-24 
-9 
-1 
3 
6 
7 
57 
58 
63 
68 
74 
73 
62 
48 
35 
25 
10 
0 
-5 
-6 
-5 
-5 
-1 
0 
-2 
-1 
-4 
-7 
-10 
-9 
-7 
-3 
-1 
1 
1 
1 
2 
3 
3 
3 
3 
4 
4 
4 
5 
5 
8 
9 
9 
9 
9 
9 
9 
9 
9 
10 
10 
10 
10 
9 
9 
10 
10 
10 
10 
10 
11 
11 
10 
10 
10 
10 
10 
10 
11 
11 
11 
11 
7 
6 
6 
6 
6 
7 
7 
7 
7 
7 
7 
7 
16 
26 
40 
48 
49 
49 
49 
52 
48 
34 
17 
5 
-3 
-9 
-11 
-12 
-8 
-4 
0 
6 
-3 
2 
152 
267 
205 
93 
-77 
-112 
-92 
-59 
-29 
-12 
-3 
57 
56 
56 
55 
58 
61 
67 
73 
70 
60 
47 
37 
28 
15 
3 
-4 
-7 
-5 
-5 
-2 
1 
-1 
-1 
-3 
-5 
-10 
-10 
-7 
-4 
-2 
0 
1 
1 
2 
2 
3 
3 
3 
4 
4 
7 
8 
9 
9 
9 
9 
9 
8 
9 
9 
9 
9 
9 
10 
10 
10 
10 
10 
9 
10 
10 
10 
10 
10 
10 
10 
11 
11 
11 
10 
10 
10 
8 
7 
6 
6 
6 
7 
6 
7 
7 
7 
7 
7 
7 
7 
8 
18 
28 
41 
48 
49 
49 
50 
52 
47 
32 
15 
4 
-4 
-9 
-11 
-11 
-4 
2 
5 
7 
-2 
-1 
138 
270 
212 
125 
-62 
-113 
-95 
-61 
-30 
-12 
-3 
3 
6 
7 
15 
26 
36 
43 
51 
56 
58 
56 
56 
55 
57 
59 
60 
65 
70 
67 
54 
42 
34 
24 
8 
-1 
-6 
-6 
-6 
-5 
-1 
-1 
-2 
0 
-5 
-9 
-10 
-8 
-4 
-2 
0 
1 
2 
2 
2 
3 
3 
3 
8 
9 
8 
8 
8 
9 
9 
9 
9 
9 
9 
9 
9 
9 
9 
10 
10 
9 
10 
9 
9 
10 
10 
10 
10 
10 
10 
11 
11 
10 
10 
10 
7 
6 
6 
7 
7 
7 
7 
7 
7 
