-128 
-128 
-128 
-128 
-127 
-127 
-127 
-128 
-129 
-132 
-135 
-133 
-129 
-132 
-130 
-128 
-125 
-118 
-111 
-109 
-110 
-113 
-118 
-120 
-125 
-130 
-131 
-133 
-132 
-125 
-156 
-218 
-158 
-40 
34 
15 
-44 
-90 
-118 
-132 
-135 
-136 
-119 
-116 
-114 
-112 
-110 
-109 
-109 
-107 
-103 
-97 
-91 
-90 
-90 
-88 
-90 
-94 
-98 
-104 
-107 
-113 
-116 
-116 
-118 
-118 
-126 
-129 
-132 
-135 
-136 
-138 
-138 
-138 
-138 
-139 
-139 
-138 
-138 
-137 
-138 
-138 
-138 
-138 
-138 
-138 
-137 
-137 
-137 
-138 
-137 
-137 
-137 
-137 
-137 
-137 
-137 
-137 
-129 
-127 
-127 
-127 
-128 
-128 
-128 
-128 
-128 
-128 
-128 
-127 
-128 
-127 
-128 
-128 
-128 
-128 
-128 
-128 
-127 
-127 
-127 
-127 
-127 
-127 
-127 
-127 
-127 
-127 
-128 
-130 
-139 
-143 
-142 
-137 
-132 
-128 
-126 
-121 
-113 
-109 
-109 
-112 
-116 
-119 
-124 
-129 
-132 
-133 
-133 
-127 
-147 
-210 
-175 
-55 
27 
23 
-34 
-84 
-115 
-129 
-134 
-137 
-120 
-116 
-114 
-111 
-111 
-109 
-109 
-108 
-104 
-98 
-92 
-91 
-90 
-88 
-90 
-92 
-97 
-104 
-107 
-111 
-115 
-122 
-127 
-128 
-129 
-129 
-131 
-134 
-136 
-137 
-138 
-139 
-138 
-139 
-139 
-138 
-138 
-138 
-138 
-139 
-138 
-138 
-138 
-138 
-137 
-137 
-137 
-137 
-138 
-137 
-137 
-137 
-137 
-129 
-127 
-127 
-127 
-127 
-127 
-127 
-128 
-128 
-128 
-128 
-128 
-128 
-128 
-128 
-128 
-127 
-127 
-127 
-127 
-128 
-128 
-128 
-128 
-128 
-128 
-128 
-128 
-128 
-127 
-127 
-127 
-135 
-138 
-142 
-144 
-141 
-136 
-132 
-129 
-127 
-123 
-117 
-111 
-109 
-110 
-113 
-117 
-121 
-125 
-129 
-132 
-133 
-131 
-128 
-176 
-225 
-108 
-8 
37 
-12 
-69 
-107 
-126 
-127 
-126 
-127 
-127 
-127 
-128 
-132 
-134 
-133 
-131 
-129 
-126 
-121 
-116 
-115 
-111 
-111 
-110 
-110 
-108 
-105 
-99 
-93 
-90 
-89 
-89 
-90 
-92 
-97 
-103 
-106 
-117 
-124 
-125 
-127 
-128 
-128 
-128 
-130 
-134 
-136 
-137 
-138 
-138 
-138 
-139 
-139 
-138 
-138 
-139 
-138 
-138 
-138 
-138 
-137 
-137 
-137 
-137 
-137 
-137 
-137 
-137 
-137 
-130 
-127 
-127 
-127 
-127 
-127 
-128 
-127 
-128 
-128 
-128 
-128 
-128 
-128 
-128 
-128 
-128 
-127 
-127 
-127 
-127 
-128 
-127 
-128 
-128 
-127 
-128 
-128 
-127 
-127 
-127 
-127 
-134 
-136 
-136 
-136 
-136 
-141 
-142 
-141 
-138 
-132 
-129 
-127 
-124 
-118 
-111 
-109 
-109 
-112 
-116 
-119 
-124 
-128 
-131 
-133 
-133 
-126 
-147 
-209 
-177 
-55 
26 
24 
-27 
-74 
-105 
-120 
-126 
-127 
-128 
-128 
-128 
-130 
-133 
-134 
-133 
-131 
-127 
-124 
-119 
-115 
-113 
-111 
-110 
-109 
-108 
-106 
-99 
-93 
-91 
-90 
-89 
-89 
-92 
-103 
-112 
-115 
-119 
-123 
-124 
-126 
-126 
-127 
-127 
-129 
-133 
-135 
-137 
-138 
-138 
-138 
-139 
-138 
-138 
-137 
-138 
-138 
-138 
-138 
-138 
-137 
-137 
-137 
-137 
-136 
-136 
-129 
-128 
-128 
-128 
-128 
-128 
-128 
-129 
-128 
-128 
-129 
-129 
-129 
-129 
-128 
-128 
-128 
-128 
-128 
-128 
-128 
-128 
-127 
-127 
-127 
-129 
-129 
-127 
-127 
-128 
-127 
-128 
-137 
-142 
-144 
-142 
-137 
-132 
-130 
-127 
-123 
-116 
-110 
-109 
-111 
-114 
-118 
-121 
-126 
-130 
-132 
-133 
-132 
-126 
-169 
-229 
-131 
-23 
39 
2 
-56 
-98 
-123 
-133 
-128 
-126 
-127 
-127 
-128 
-132 
-134 
-133 
-132 
-129 
-127 
-122 
-116 
-115 
-112 
-111 
-110 
-109 
-108 
-106 
-99 
-93 
-91 
-90 
-89 
-89 
-92 
-97 
-103 
-106 
-110 
-122 
-125 
-127 
-128 
-128 
-129 
-130 
-134 
-136 
-137 
-137 
-138 
-138 
-138 
-138 
-138 
-137 
-138 
-138 
-138 
-138 
-138 
-138 
-137 
-137 
-137 
-136 
-136 
-137 
-137 
-137 
-137 
-130 
-127 
-127 
-127 
-127 
-127 
-128 
-128 
-128 
-128 
-128 
-128 
-128 
-127 
-128 
-127 
-127 
-127 
-128 
-127 
-127 
-128 
-128 
-128 
-127 
-128 
-128 
-127 
-127 
-127 
-127 
-127 
-134 
-136 
-136 
-138 
-141 
-143 
-141 
-136 
-131 
-128 
-126 
-123 
-115 
-110 
-109 
-110 
-113 
-117 
-121 
-125 
-129 
-132 
-133 
-131 
-126 
-169 
-229 
-131 
-23 
40 
4 
-55 
-90 
-113 
-123 
-125 
-127 
-127 
-128 
-128 
-131 
-134 
-131 
-130 
-127 
-124 
-118 
-115 
-113 
-112 
-110 
-109 
-108 
-106 
-101 
-95 
-91 
-90 
-90 
-89 
-90 
-95 
-101 
-112 
-118 
-123 
-124 
-125 
-128 
-128 
-128 
-129 
-132 
-135 
-137 
-138 
-138 
-138 
-138 
-139 
-138 
-138 
-138 
-138 
-138 
-138 
-138 
-138 
-137 
-137 
-137 
-137 
-137 
-136 
-136 
-130 
-128 
-127 
-128 
-128 
-128 
-128 
-128 
-128 
-128 
-129 
-129 
-128 
-128 
-128 
-128 
-128 
-128 
-128 
-128 
-127 
-127 
-127 
-128 
-128 
-128 
-128 
-128 
-128 
-128 
-128 
-128 
-134 
-137 
-136 
-137 
-136 
-137 
-141 
-142 
-142 
-138 
-133 
-129 
-127 
-124 
-118 
-111 
-108 
-110 
-113 
-116 
-119 
-124 
-128 
-131 
-133 
-132 
-126 
-148 
-210 
-175 
-54 
28 
30 
-25 
-74 
-105 
-121 
-125 
-128 
-119 
-116 
-113 
-112 
-110 
-109 
-108 
-108 
-103 
-97 
-91 
-91 
-90 
-88 
-97 
-103 
-108 
-114 
-116 
-121 
-124 
-124 
-127 
-126 
-127 
-128 
-131 
-134 
-135 
-137 
-137 
-138 
-137 
-138 
-138 
-137 
-137 
-137 
-137 
-138 
-138 
-137 
-137 
-137 
-137 
-137 
-130 
-127 
-128 
-128 
-128 
-129 
-129 
-129 
-128 
-128 
-128 
-128 
-128 
-127 
-128 
-128 
-128 
-128 
-128 
-128 
-128 
-128 
-128 
-127 
-127 
-128 
-128 
-128 
-128 
-128 
-128 
-128 
-135 
-137 
-137 
-136 
-136 
-135 
-135 
-135 
-137 
-140 
-141 
-141 
-137 
-132 
-129 
-127 
-124 
-118 
-111 
-108 
-109 
-111 
-116 
-119 
-124 
-128 
-131 
-133 
-133 
-125 
-150 
-212 
-164 
-41 
39 
31 
-28 
-77 
-106 
-121 
-126 
-128 
-120 
-116 
-114 
-112 
-110 
-110 
-108 
-108 
-104 
-98 
-92 
-98 
-99 
-98 
-99 
-102 
-106 
-112 
-115 
-119 
-124 
-124 
-126 
-127 
-128 
-127 
-130 
-133 
-135 
-136 
-137 
-138 
-138 
-138 
-138 
-138 
-138 
-138 
-138 
-138 
-138 
-137 
-137 
-130 
-127 
-127 
-127 
-127 
-128 
-128 
-129 
-129 
-129 
-129 
-128 
-128 
-128 
-129 
-129 
-129 
-129 
-128 
-128 
-128 
-128 
-128 
-128 
-128 
-128 
-127 
-128 
-127 
-127 
-128 
-128 
-135 
-137 
-137 
-136 
-136 
-136 
-135 
-135 
-135 
-135 
-134 
-135 
-139 
-140 
-141 
-140 
-134 
-131 
-128 
-126 
-122 
-113 
-109 
-108 
-111 
-114 
-118 
-122 
-126 
-129 
-131 
-132 
-123 
-120 
-172 
-210 
-97 
-1 
46 
0 
-56 
-94 
-116 
-125 
-127 
-127 
-129 
-128 
-128 
-132 
-134 
-133 
-132 
-129 
-126 
-122 
-116 
-115 
-112 
-111 
-109 
-109 
-108 
-113 
-109 
-102 
-100 
-99 
-98 
-97 
-100 
-104 
-111 
-114 
-118 
-122 
-123 
-126 
-127 
-127 
-127 
-130 
-133 
-135 
-136 
-137 
-137 
-137 
-138 
-138 
-138 
-137 
-137 
-138 
-138 
-131 
-128 
-128 
-128 
-128 
-128 
-128 
-128 
-129 
-129 
-129 
-129 
-129 
-128 
-128 
-128 
-128 
-128 
-128 
-129 
-129 
-129 
-129 
-129 
-129 
-129 
-128 
-128 
-128 
-128 
-128 
-127 
-136 
-137 
-137 
-137 
-136 
-136 
-136 
-136 
-135 
-135 
-135 
-135 
-136 
-136 
-136 
-140 
-142 
-141 
-137 
-132 
-128 
-126 
-123 
-118 
-110 
-108 
-109 
-112 
-116 
-119 
-124 
-128 
-124 
-124 
-123 
-116 
-144 
-207 
-155 
-36 
40 
27 
-32 
-79 
-108 
-122 
-126 
-128 
-120 
-117 
-114 
-112 
-111 
-117 
-119 
-117 
-113 
-106 
-101 
-99 
-99 
-97 
-98 
-101 
-106 
-112 
-115 
-119 
-123 
-123 
-126 
-127 
-128 
-127 
-130 
-133 
-135 
-136 
-137 
-138 
-137 
-138 
-138 
-138 
-137 
-130 
-129 
-129 
-129 
-129 
-129 
-129 
-129 
-128 
-128 
-128 
-129 
-129 
-129 
-129 
-129 
-129 
-128 
-128 
-128 
-128 
-128 
-128 
-129 
-129 
-128 
-128 
-128 
-128 
-128 
-128 
-128 
-135 
-138 
-138 
-137 
-137 
-137 
-136 
-136 
-136 
-135 
-135 
-135 
-135 
-135 
-135 
-135 
-135 
-135 
-138 
-141 
-142 
-139 
-134 
-131 
-128 
-125 
-120 
-113 
-109 
-109 
-111 
-114 
-110 
-112 
-117 
-120 
-123 
-124 
-122 
-123 
-178 
-204 
-85 
7 
44 
-6 
-62 
-99 
-119 
-126 
-128 
-128 
-129 
-128 
-128 
-134 
-134 
-134 
-131 
-129 
-125 
-120 
-117 
-121 
-122 
-121 
-119 
-118 
-116 
-112 
-106 
-100 
-99 
-98 
-97 
-97 
-101 
-106 
-112 
-115 
-120 
-123 
-123 
-125 
-127 
-128 
-127 
-130 
-133 
-135 
-136 
-137 
-138 
-137 
-138 
-131 
-128 
-128 
-128 
-129 
-129 
-129 
-129 
-129 
-129 
-129 
-129 
-129 
-129 
-128 
-129 
-129 
-129 
-129 
-129 
-129 
-129 
-129 
-128 
-128 
-129 
-129 
-129 
-129 
-129 
-129 
-128 
-135 
-137 
-137 
-137 
-136 
-136 
-136 
-137 
-136 
-136 
-136 
-136 
-136 
-136 
-135 
-135 
-135 
-135 
-136 
-135 
-134 
-137 
-140 
-141 
-140 
-135 
-131 
-128 
-126 
-122 
-114 
-109 
-102 
-101 
-104 
-109 
-113 
-117 
-121 
-124 
-124 
-122 
-121 
-172 
-214 
-101 
-3 
47 
1 
-55 
-94 
-117 
-126 
-127 
-128 
-129 
-129 
-129 
-132 
-135 
-134 
-132 
-130 
-133 
-132 
-127 
-124 
-121 
-120 
-118 
-117 
-116 
-114 
-108 
-101 
-99 
-98 
-97 
-97 
-100 
-104 
-110 
-114 
-117 
-122 
-123 
-125 
-126 
-126 
-126 
-128 
-132 
-135 
-136 
-137 
-130 
-128 
-127 
-128 
-129 
-129 
-129 
-130 
-129 
-129 
-130 
-129 
-129 
-129 
-129 
-129 
-129 
-129 
-128 
-129 
-129 
-129 
-129 
-129 
-129 
-128 
-128 
-128 
-129 
-129 
-129 
-129 
-135 
-138 
-138 
-137 
-137 
-136 
-136 
-136 
-136 
-135 
-136 
-136 
-136 
-136 
-135 
-135 
-135 
-135 
-135 
-135 
-135 
-134 
-134 
-134 
-135 
-139 
-141 
-141 
-137 
-132 
-129 
-127 
-117 
-110 
-102 
-99 
-100 
-104 
-109 
-112 
-117 
-121 
-123 
-125 
-123 
-121 
-174 
-210 
-89 
5 
44 
-5 
-60 
-98 
-117 
-125 
-128 
-129 
-129 
-129 
-129 
-119 
-117 
-117 
-116 
-114 
-108 
-102 
-99 
-99 
-98 
-96 
-99 
-103 
-110 
-113 
-117 
-121 
-123 
-124 
-126 
-126 
-126 
-128 
-132 
-128 
-127 
-127 
-129 
-129 
-129 
-130 
-130 
-129 
-129 
-129 
-130 
-130 
-130 
-129 
-129 
-129 
-129 
-129 
-129 
-129 
-128 
-129 
-129 
-129 
-129 
-129 
-129 
-128 
-128 
-128 
-128 
-135 
-137 
-138 
-138 
-137 
-137 
-137 
-137 
-136 
-136 
-136 
-136 
-136 
-136 
-136 
-136 
-136 
-136 
-135 
-135 
-135 
-135 
-135 
-135 
-135 
-134 
-134 
-135 
-138 
-141 
-141 
-138 
-125 
-120 
-117 
-115 
-110 
-103 
-99 
-101 
-103 
-107 
-110 
-115 
-119 
-122 
-124 
-125 
-121 
-129 
-189 
-186 
-62 
27 
34 
-24 
-75 
-107 
-122 
-127 
-129 
-129 
-129 
-136 
-140 
-144 
-143 
-141 
-139 
-136 
-132 
-126 
-124 
-121 
-120 
-118 
-117 
-117 
-114 
-109 
-103 
-99 
-98 
-98 
-96 
-99 
-103 
-109 
-113 
-116 
-121 
-123 
-124 
-126 
-126 
-120 
-119 
-122 
-125 
-127 
-128 
-128 
-129 
-129 
-130 
-129 
-129 
-129 
-129 
-130 
-130 
-130 
-129 
-129 
-129 
-129 
-129 
-129 
-129 
-129 
-130 
-130 
-129 
-129 
-129 
-129 
-129 
-135 
-137 
-138 
-137 
-138 
-137 
-137 
-136 
-136 
-136 
-136 
-136 
-136 
-136 
-136 
-136 
-136 
-136 
-136 
-136 
-135 
-134 
-135 
-135 
-138 
-140 
-141 
-138 
-133 
-130 
-127 
-124 
-113 
-103 
-99 
-100 
-101 
-105 
-109 
-113 
-118 
-121 
-124 
-124 
-121 
-124 
-181 
-200 
-83 
8 
44 
-7 
-62 
-98 
-118 
-126 
-128 
-128 
-129 
-128 
-129 
-133 
-134 
-140 
-141 
-138 
-135 
-129 
-125 
-122 
-120 
-119 
-118 
-117 
-115 
-111 
-104 
-99 
-98 
-98 
-96 
-98 
-102 
-107 
-112 
-116 
-120 
-123 
-123 
-126 
-126 
-127 
-128 
-130 
-133 
-128 
-128 
-127 
-128 
-128 
-129 
-129 
-129 
-129 
-129 
-129 
-129 
-129 
-129 
-129 
-129 
-129 
-128 
-128 
-129 
-129 
-129 
-129 
-129 
-129 
-128 
-128 
-129 
-129 
-129 
-128 
-129 
-136 
-138 
-138 
-138 
-137 
-137 
-136 
-136 
-136 
-136 
-137 
-136 
-137 
-136 
-136 
-136 
-135 
-135 
-135 
-135 
-135 
-134 
-135 
-135 
-134 
-135 
-135 
-138 
-141 
-141 
-139 
-133 
-123 
-118 
-116 
-111 
-104 
-100 
-100 
-102 
-105 
-109 
-113 
-118 
-121 
-124 
-124 
-122 
-123 
-176 
-209 
-93 
2 
45 
-3 
-58 
-96 
-117 
-126 
-128 
-129 
-129 
-128 
-135 
-120 
-117 
-117 
-116 
-114 
-108 
-101 
-99 
-98 
-97 
-96 
-99 
-103 
-109 
-113 
-117 
-121 
-123 
-124 
-127 
-126 
-118 
-120 
-124 
-126 
-128 
-128 
-129 
-129 
-130 
-130 
-130 
-130 
-130 
-130 
-130 
-130 
-130 
-129 
-129 
-129 
-129 
-129 
-129 
-129 
-129 
-129 
-130 
-129 
-129 
-129 
-129 
-129 
-136 
-138 
-138 
-138 
-137 
-137 
-137 
-136 
-136 
-136 
-136 
-136 
-136 
-136 
-136 
-136 
-136 
-136 
-136 
-136 
-135 
-135 
-135 
-135 
-135 
-135 
-134 
-134 
-134 
-135 
-138 
-140 
-134 
-130 
-125 
-121 
-119 
-117 
-113 
-106 
-101 
-100 
-102 
-105 
-109 
-113 
-117 
-121 
-124 
-125 
-123 
-118 
-164 
-222 
-117 
-12 
47 
8 
-50 
-92 
-115 
-124 
-128 
-136 
-139 
-138 
-138 
-141 
-143 
-143 
-140 
-138 
-135 
-130 
-126 
-123 
-120 
-119 
-117 
-117 
-115 
-114 
-107 
-101 
-99 
-98 
-97 
-97 
-100 
-104 
-110 
-114 
-118 
-121 
-123 
-118 
-117 
-117 
-118 
-121 
-124 
-127 
-128 
-129 
-129 
-129 
-130 
-130 
-130 
-130 
-129 
-129 
-129 
-130 
-130 
-130 
-130 
-129 
-129 
-129 
-129 
-129 
-130 
-129 
-129 
-129 
-129 
-136 
-138 
-138 
-137 
-138 
-138 
-137 
-137 
-137 
-136 
-136 
-136 
-136 
-136 
-136 
-135 
-136 
-136 
-136 
-136 
-136 
-136 
-135 
-135 
-135 
-135 
-135 
-135 
-134 
-134 
-134 
-134 
-128 
-128 
-131 
-132 
-130 
-125 
-123 
-119 
-117 
-112 
-106 
-101 
-101 
-102 
-105 
-110 
-113 
-118 
-121 
-124 
-125 
-123 
-122 
-172 
-214 
-98 
-2 
45 
0 
-57 
-95 
-124 
-135 
-138 
-137 
-138 
-137 
-137 
-141 
-143 
-143 
-140 
-138 
-135 
-130 
-125 
-123 
-119 
-119 
-118 
-117 
-115 
-114 
-107 
-100 
-98 
-97 
-96 
-96 
-99 
-103 
-109 
-113 
-110 
-112 
-114 
-115 
-118 
-118 
-118 
-120 
-124 
-126 
-128 
-129 
-128 
-129 
-130 
-130 
-130 
-130 
-129 
-130 
-130 
-130 
-129 
-129 
-129 
-129 
-129 
-129 
-129 
-129 
-129 
-129 
-136 
-138 
-138 
-138 
-137 
-137 
-136 
-136 
-137 
-137 
-137 
-136 
-136 
-136 
-136 
-136 
-136 
-135 
-136 
-135 
-135 
-136 
-136 
-135 
-135 
-135 
-135 
-135 
-135 
-135 
-135 
-134 
-127 
-125 
-125 
-126 
-127 
-131 
-133 
-132 
-128 
-123 
-120 
-119 
-115 
-108 
-102 
-100 
-102 
-105 
-109 
-112 
-116 
-121 
-123 
-125 
-124 
-116 
-152 
-214 
-141 
-26 
45 
12 
-49 
-94 
-120 
-132 
-136 
-137 
-137 
-137 
-137 
-140 
-142 
-142 
-140 
-138 
-135 
-131 
-126 
-124 
-120 
-119 
-117 
-116 
-115 
-114 
-109 
-102 
-99 
-98 
-97 
-95 
-98 
-96 
-99 
-104 
-107 
-112 
-114 
-116 
-117 
-118 
-118 
-120 
-124 
-126 
-128 
-129 
-129 
-129 
-130 
-130 
-130 
-130 
-129 
-129 
-130 
-130 
-130 
-130 
-130 
-129 
-130 
-129 
-129 
-136 
-138 
-138 
-138 
-138 
-138 
-137 
-137 
-137 
-137 
-136 
-136 
-137 
-137 
-136 
-136 
-136 
-136 
-136 
-136 
-136 
-135 
-135 
-135 
-136 
-136 
-135 
-135 
-135 
-134 
-135 
-139 
-134 
-132 
-128 
-123 
-120 
-118 
-115 
-110 
-102 
-100 
-100 
-103 
-107 
-110 
-115 
-119 
-122 
-125 
-125 
-119 
-134 
-195 
-180 
-58 
28 
36 
-20 
-71 
-104 
-121 
-126 
-135 
-137 
-138 
-138 
-138 
-141 
-142 
-141 
-139 
-136 
-133 
-127 
-124 
-122 
-119 
-118 
-117 
-116 
-115 
-111 
-104 
-99 
-98 
-97 
-97 
-97 
-102 
-106 
-112 
-115 
-120 
-123 
-116 
-116 
-116 
-117 
-118 
-122 
-125 
-127 
-128 
-128 
-129 
-129 
-130 
-130 
-130 
-129 
-130 
-130 
-130 
-130 
-129 
-129 
-129 
-129 
-129 
-129 
-128 
-129 
-129 
-129 
-129 
-129 
-136 
-138 
-138 
-138 
-137 
-137 
-137 
-137 
-137 
-137 
-137 
-136 
-136 
-136 
-136 
-136 
-135 
-135 
-137 
-135 
-136 
-136 
-136 
-135 
-135 
-135 
-135 
-135 
-135 
-135 
-135 
-134 
-127 
-126 
-130 
-132 
-131 
-128 
-123 
-120 
-118 
-115 
-110 
-103 
-100 
-101 
-104 
-107 
-110 
-115 
-119 
-123 
-124 
-124 
-118 
-138 
-200 
-171 
-50 
33 
32 
-25 
-75 
-113 
-131 
-136 
-138 
-138 
-138 
-138 
-137 
-142 
-142 
-141 
-139 
-136 
-133 
-128 
-124 
-122 
-120 
-119 
-117 
-117 
-115 
-111 
-104 
-99 
-98 
-98 
-95 
-97 
-101 
-105 
-112 
-108 
-110 
-113 
-114 
-117 
-118 
-118 
-119 
-121 
-125 
-126 
-127 
-128 
-130 
-129 
-130 
-130 
-130 
-129 
-129 
-130 
-130 
-130 
-130 
-129 
-129 
-129 
-129 
-129 
-129 
-130 
-129 
-137 
-139 
-139 
-138 
-138 
-137 
-137 
-137 
-136 
-136 
-137 
-137 
-137 
-136 
-136 
-136 
-136 
-136 
-136 
-135 
-136 
-136 
-136 
-136 
-136 
-136 
-135 
-135 
-135 
-135 
-135 
-135 
-127 
-125 
-125 
-126 
-126 
-129 
-132 
-133 
-131 
-125 
-123 
-119 
-117 
-112 
-104 
-101 
-101 
-102 
-106 
-110 
-114 
-119 
-122 
-124 
-125 
-121 
-125 
-181 
-202 
-85 
7 
37 
-17 
-71 
-108 
-128 
-135 
-136 
-130 
-125 
-123 
-120 
-119 
-117 
-117 
-116 
-114 
-108 
-102 
-98 
-98 
-97 
-96 
-91 
-93 
-100 
-104 
-108 
-112 
-114 
-116 
-118 
-118 
-118 
-120 
-124 
-126 
-128 
-129 
-130 
-129 
-130 
-130 
-130 
-129 
-129 
-129 
-130 
-130 
-130 
-130 
-130 
-129 
-129 
-129 
-136 
-139 
-139 
-138 
-138 
-138 
-137 
-137 
-136 
-136 
-136 
-138 
-137 
-137 
-137 
-137 
-137 
-136 
-136 
-136 
-136 
-135 
-135 
-135 
-135 
-135 
-136 
-135 
-135 
-135 
-135 
-135 
-128 
-125 
-125 
-126 
-126 
-126 
-125 
-126 
-127 
-130 
-132 
-132 
-130 
-124 
-121 
-119 
-116 
-110 
-103 
-100 
-101 
-104 
-108 
-111 
-116 
-120 
-123 
-125 
-124 
-117 
-147 
-217 
-158 
-41 
33 
14 
-45 
-91 
-119 
-131 
-135 
-136 
-136 
-137 
-137 
-119 
-117 
-117 
-116 
-114 
-110 
-103 
-99 
-91 
-88 
-86 
-89 
-94 
-99 
-104 
-108 
-112 
-114 
-115 
-118 
-118 
-118 
-120 
-123 
-125 
-128 
-129 
-130 
-129 
-129 
-130 
-129 
-129 
-129 
-129 
-130 
-130 
-130 
-130 
-130 
-137 
-138 
-138 
-138 
-138 
-138 
-138 
-138 
-137 
-137 
-137 
-137 
-137 
-136 
-136 
-137 
-137 
-136 
-136 
-136 
-136 
-136 
-135 
-135 
-135 
-135 
-135 
-135 
-135 
-135 
-135 
-135 
-128 
-126 
-125 
-126 
-126 
-126 
-126 
-126 
-126 
-126 
-126 
-126 
-130 
-131 
-134 
-131 
-125 
-122 
-119 
-117 
-112 
-105 
-100 
-100 
-102 
-105 
-110 
-114 
-119 
-122 
-124 
-132 
-130 
-139 
-200 
-195 
-71 
18 
27 
-31 
-82 
-113 
-130 
-135 
-136 
-127 
-124 
-121 
-119 
-118 
-117 
-116 
-114 
-104 
-94 
-89 
-89 
-89 
-87 
-89 
-92 
-97 
-103 
-107 
-112 
-115 
-115 
-117 
-118 
-119 
-119 
-122 
-125 
-127 
-128 
-129 
-130 
-129 
-130 
-130 
-130 
-130 
-130 
-131 
-130 
-137 
-139 
-139 
-138 
-138 
-138 
-138 
-137 
-138 
-138 
-137 
-137 
-137 
-137 
-137 
-137 
-137 
-137 
-136 
-137 
-137 
-136 
-136 
-136 
-136 
-136 
-136 
-136 
-136 
-135 
-135 
-135 
-129 
-127 
-126 
-126 
-126 
-127 
-126 
-126 
-126 
-126 
-126 
-126 
-126 
-126 
-127 
-131 
-132 
-133 
-130 
-125 
-122 
-119 
-117 
-112 
-105 
-101 
-101 
-103 
-107 
-110 
-115 
-126 
-132 
-134 
-134 
-131 
-136 
-195 
-203 
-84 
6 
32 
-23 
-77 
-112 
-129 
-135 
-136 
-137 
-137 
-137 
-140 
-142 
-141 
-140 
-138 
-135 
-131 
-126 
-123 
-120 
-119 
-117 
-109 
-107 
-105 
-99 
-92 
-90 
-89 
-90 
-88 
-91 
-95 
-101 
-105 
-109 
-113 
-115 
-116 
-119 
-119 
-119 
-121 
-125 
-127 
-129 
-129 
-130 
-130 
-130 
-130 
-130 
-130 
-130 
-138 
-140 
-139 
-139 
-139 
-138 
-138 
-138 
-138 
-138 
-138 
-138 
-138 
-137 
-137 
-137 
-137 
-136 
-137 
-136 
-136 
-137 
-137 
-136 
-136 
-136 
-136 
-136 
-136 
-135 
-135 
-135 
-128 
-126 
-126 
-127 
-127 
-127 
-127 
-127 
-127 
