120 
120 
120 
119 
119 
119 
119 
119 
118 
111 
101 
89 
79 
78 
75 
71 
68 
71 
82 
95 
106 
115 
122 
127 
130 
130 
128 
127 
127 
139 
117 
-4 
-91 
-146 
-68 
80 
154 
174 
168 
155 
144 
137 
66 
64 
61 
59 
55 
51 
45 
38 
33 
36 
44 
51 
60 
73 
86 
97 
104 
108 
112 
114 
114 
117 
118 
120 
127 
133 
136 
136 
135 
134 
133 
132 
132 
131 
131 
130 
130 
130 
129 
129 
129 
129 
129 
129 
128 
128 
128 
128 
127 
127 
127 
127 
127 
127 
127 
127 
123 
122 
122 
122 
121 
121 
121 
121 
121 
121 
121 
121 
121 
120 
120 
120 
120 
120 
120 
120 
119 
119 
119 
119 
119 
119 
119 
119 
119 
119 
118 
116 
111 
101 
89 
82 
78 
73 
69 
68 
76 
89 
101 
111 
120 
126 
130 
130 
129 
127 
127 
136 
126 
20 
-82 
-140 
-94 
61 
147 
174 
170 
156 
145 
138 
66 
64 
61 
60 
56 
52 
46 
39 
34 
35 
43 
50 
60 
71 
84 
95 
104 
108 
112 
114 
113 
119 
122 
124 
128 
132 
136 
136 
136 
134 
133 
133 
132 
131 
131 
130 
130 
130 
130 
130 
129 
129 
129 
129 
129 
128 
128 
128 
128 
127 
127 
127 
127 
123 
122 
122 
122 
122 
122 
122 
121 
121 
121 
121 
121 
121 
121 
121 
121 
120 
120 
120 
120 
120 
120 
120 
120 
120 
119 
120 
119 
119 
119 
119 
119 
122 
120 
112 
101 
90 
82 
78 
74 
70 
67 
72 
84 
96 
107 
116 
123 
128 
130 
129 
128 
126 
128 
141 
88 
-54 
-116 
-146 
4 
123 
169 
173 
160 
145 
135 
129 
126 
125 
124 
117 
108 
98 
88 
80 
72 
66 
65 
62 
60 
57 
53 
47 
40 
34 
34 
41 
49 
58 
69 
83 
94 
103 
107 
111 
117 
118 
120 
122 
124 
127 
131 
135 
136 
136 
135 
133 
132 
132 
131 
131 
130 
130 
130 
129 
129 
129 
129 
128 
128 
128 
128 
128 
128 
127 
127 
127 
124 
122 
122 
122 
122 
122 
122 
122 
122 
122 
121 
121 
121 
121 
121 
121 
121 
120 
120 
120 
120 
120 
120 
120 
120 
119 
120 
120 
119 
119 
119 
119 
122 
123 
123 
123 
122 
114 
104 
93 
84 
79 
75 
71 
68 
69 
80 
92 
104 
113 
121 
127 
130 
130 
129 
127 
126 
135 
126 
21 
-81 
-140 
-95 
60 
143 
169 
165 
151 
140 
133 
129 
126 
124 
122 
113 
103 
94 
85 
77 
69 
66 
63 
61 
58 
55 
48 
41 
35 
34 
40 
49 
57 
67 
81 
93 
105 
112 
116 
118 
118 
119 
122 
123 
126 
131 
135 
136 
135 
134 
133 
132 
132 
131 
130 
130 
130 
129 
129 
129 
129 
129 
129 
128 
128 
128 
128 
128 
124 
123 
123 
123 
123 
123 
123 
123 
122 
122 
122 
122 
122 
122 
121 
121 
121 
121 
121 
121 
121 
121 
120 
120 
120 
120 
120 
119 
119 
118 
119 
118 
119 
112 
101 
89 
82 
78 
74 
70 
68 
73 
85 
97 
108 
117 
123 
128 
130 
129 
128 
126 
128 
141 
100 
-38 
-104 
-151 
-31 
103 
163 
175 
165 
152 
139 
131 
127 
125 
124 
118 
109 
99 
90 
81 
73 
67 
65 
62 
60 
57 
53 
48 
41 
35 
34 
40 
49 
57 
68 
82 
94 
103 
107 
111 
113 
117 
121 
122 
124 
127 
132 
135 
136 
135 
134 
133 
132 
132 
131 
130 
130 
130 
129 
129 
129 
129 
129 
129 
128 
128 
128 
128 
128 
127 
127 
127 
127 
124 
122 
122 
122 
122 
122 
121 
121 
121 
121 
121 
121 
121 
121 
121 
120 
120 
120 
121 
120 
120 
120 
120 
120 
119 
120 
120 
119 
119 
119 
119 
119 
122 
123 
123 
120 
111 
100 
89 
82 
77 
73 
69 
68 
72 
85 
97 
107 
117 
123 
128 
130 
129 
128 
126 
128 
141 
98 
-38 
-104 
-151 
-32 
101 
162 
171 
160 
147 
137 
131 
128 
125 
124 
120 
111 
92 
83 
75 
68 
65 
63 
61 
58 
55 
50 
43 
36 
33 
38 
47 
55 
64 
78 
90 
100 
106 
113 
117 
119 
119 
121 
123 
126 
130 
134 
136 
135 
135 
134 
132 
132 
132 
131 
131 
130 
130 
129 
129 
129 
129 
129 
128 
128 
128 
128 
128 
128 
128 
124 
123 
122 
122 
122 
122 
122 
122 
122 
122 
122 
122 
121 
121 
121 
121 
121 
121 
121 
121 
120 
120 
120 
120 
120 
120 
120 
120 
120 
120 
119 
119 
122 
124 
123 
123 
122 
121 
114 
104 
92 
83 
79 
75 
71 
68 
69 
80 
93 
104 
114 
121 
127 
130 
130 
128 
127 
126 
135 
125 
19 
-82 
-141 
-92 
58 
143 
169 
165 
152 
140 
133 
65 
64 
61 
59 
55 
51 
44 
37 
33 
36 
45 
53 
62 
74 
90 
102 
109 
113 
116 
118 
118 
121 
122 
124 
128 
133 
136 
136 
135 
133 
133 
132 
131 
131 
130 
130 
130 
130 
130 
129 
129 
129 
128 
128 
128 
128 
125 
123 
123 
123 
123 
123 
123 
123 
123 
122 
122 
122 
121 
122 
121 
121 
121 
121 
121 
121 
121 
121 
121 
120 
120 
120 
120 
120 
120 
120 
120 
120 
123 
124 
124 
123 
123 
123 
123 
123 
121 
114 
103 
92 
83 
78 
75 
71 
68 
69 
81 
93 
104 
114 
121 
127 
130 
130 
128 
127 
127 
136 
123 
14 
-88 
-147 
-91 
61 
145 
169 
165 
152 
141 
133 
66 
64 
61 
59 
56 
52 
46 
39 
33 
35 
43 
55 
64 
76 
89 
99 
108 
112 
116 
118 
118 
120 
122 
124 
127 
132 
135 
136 
135 
134 
133 
132 
132 
131 
131 
130 
130 
129 
129 
129 
129 
129 
129 
125 
123 
123 
123 
123 
123 
123 
123 
123 
123 
123 
123 
123 
122 
122 
122 
122 
122 
121 
121 
121 
121 
121 
121 
121 
121 
120 
121 
120 
120 
120 
120 
123 
124 
124 
124 
123 
123 
123 
123 
123 
123 
122 
122 
118 
109 
97 
87 
81 
76 
73 
69 
67 
74 
86 
99 
109 
118 
124 
129 
129 
129 
127 
126 
126 
135 
73 
-62 
-121 
-151 
-4 
114 
163 
170 
158 
145 
137 
131 
128 
125 
124 
119 
109 
99 
90 
81 
73 
67 
65 
62 
60 
57 
54 
48 
41 
38 
38 
44 
53 
61 
70 
84 
96 
106 
111 
114 
117 
118 
120 
122 
123 
127 
131 
135 
136 
135 
134 
133 
132 
131 
131 
130 
130 
130 
130 
129 
129 
126 
124 
124 
124 
124 
124 
124 
124 
123 
123 
123 
123 
123 
122 
122 
122 
122 
122 
122 
122 
122 
122 
122 
122 
122 
122 
121 
121 
121 
121 
121 
120 
124 
124 
124 
124 
124 
124 
123 
123 
123 
123 
123 
123 
122 
122 
121 
113 
103 
91 
82 
78 
74 
70 
67 
70 
80 
93 
104 
114 
121 
127 
129 
130 
125 
122 
122 
133 
115 
0 
-92 
-149 
-80 
69 
148 
170 
165 
151 
140 
133 
66 
65 
61 
59 
56 
55 
50 
43 
38 
39 
47 
55 
64 
76 
89 
100 
108 
112 
116 
118 
117 
120 
122 
124 
127 
132 
135 
136 
135 
134 
133 
132 
131 
131 
130 
130 
130 
126 
125 
125 
125 
125 
125 
124 
124 
124 
124 
124 
123 
123 
123 
123 
123 
123 
122 
122 
122 
122 
122 
122 
122 
122 
121 
121 
121 
121 
121 
121 
121 
124 
125 
125 
124 
124 
124 
124 
124 
123 
123 
123 
123 
123 
123 
123 
122 
122 
122 
117 
108 
96 
86 
80 
76 
73 
69 
67 
75 
88 
100 
110 
119 
121 
124 
125 
124 
123 
122 
126 
135 
64 
-66 
-127 
-143 
11 
123 
166 
170 
157 
144 
136 
130 
127 
125 
124 
115 
106 
96 
86 
78 
70 
66 
65 
65 
64 
61 
56 
50 
42 
37 
39 
47 
55 
64 
76 
89 
100 
108 
112 
116 
117 
117 
120 
121 
124 
127 
132 
135 
135 
135 
134 
133 
132 
131 
131 
127 
125 
125 
125 
125 
125 
125 
125 
125 
125 
124 
124 
124 
124 
124 
123 
123 
123 
123 
123 
123 
123 
123 
122 
122 
122 
122 
122 
122 
122 
122 
121 
124 
125 
125 
125 
125 
125 
125 
124 
124 
124 
124 
124 
123 
123 
123 
123 
123 
123 
122 
123 
122 
120 
112 
100 
89 
81 
77 
73 
69 
67 
73 
86 
95 
104 
113 
119 
124 
126 
125 
123 
122 
125 
136 
77 
-60 
-119 
-152 
-8 
112 
163 
170 
159 
146 
137 
131 
128 
126 
125 
119 
110 
100 
90 
81 
77 
72 
70 
67 
65 
61 
57 
52 
45 
39 
38 
44 
52 
61 
71 
85 
96 
106 
111 
114 
117 
117 
119 
121 
122 
126 
130 
134 
135 
135 
134 
133 
128 
127 
126 
126 
126 
126 
126 
125 
125 
125 
125 
125 
124 
124 
124 
124 
124 
124 
124 
123 
123 
123 
123 
123 
123 
122 
122 
122 
122 
122 
122 
122 
125 
126 
126 
125 
125 
125 
125 
125 
125 
124 
124 
124 
124 
124 
123 
123 
123 
123 
123 
123 
123 
122 
122 
122 
121 
115 
105 
93 
83 
79 
75 
71 
64 
64 
74 
89 
101 
111 
118 
123 
126 
125 
124 
123 
124 
136 
73 
-63 
-125 
-145 
8 
121 
165 
169 
157 
145 
136 
131 
128 
126 
124 
61 
58 
52 
45 
39 
37 
43 
51 
60 
70 
84 
96 
105 
111 
114 
117 
117 
119 
121 
122 
126 
130 
134 
135 
132 
130 
128 
128 
127 
127 
127 
127 
126 
126 
126 
125 
125 
125 
124 
124 
124 
124 
124 
124 
124 
124 
123 
123 
123 
123 
123 
123 
122 
122 
122 
122 
126 
127 
126 
126 
126 
126 
125 
125 
125 
125 
125 
124 
124 
124 
124 
124 
124 
124 
123 
123 
123 
123 
123 
123 
123 
122 
122 
122 
115 
106 
95 
84 
76 
71 
67 
63 
64 
72 
85 
97 
107 
115 
121 
125 
126 
124 
123 
122 
128 
132 
45 
-76 
-138 
-114 
48 
141 
169 
166 
152 
141 
134 
129 
126 
128 
125 
116 
106 
96 
87 
79 
72 
69 
67 
65 
62 
58 
53 
46 
40 
37 
42 
51 
59 
69 
82 
94 
104 
110 
113 
116 
117 
118 
121 
122 
126 
126 
129 
131 
130 
130 
129 
128 
127 
127 
127 
126 
126 
126 
126 
125 
125 
125 
124 
125 
124 
124 
124 
124 
124 
124 
124 
124 
123 
123 
123 
123 
123 
126 
127 
127 
127 
126 
126 
126 
125 
125 
125 
125 
125 
125 
125 
125 
124 
124 
124 
124 
124 
123 
122 
122 
121 
117 
107 
96 
85 
80 
76 
72 
68 
64 
71 
83 
95 
106 
114 
120 
124 
125 
125 
123 
122 
126 
134 
60 
-68 
-128 
-142 
12 
123 
166 
169 
156 
144 
136 
130 
127 
125 
123 
116 
106 
100 
92 
83 
75 
70 
69 
65 
63 
60 
56 
49 
42 
37 
40 
48 
56 
65 
78 
91 
102 
109 
113 
116 
117 
117 
120 
121 
124 
128 
133 
135 
135 
131 
129 
128 
127 
127 
126 
126 
126 
126 
126 
125 
125 
125 
125 
124 
124 
124 
124 
124 
123 
123 
123 
123 
123 
123 
122 
122 
123 
123 
123 
122 
122 
125 
126 
126 
126 
126 
125 
125 
125 
125 
125 
124 
124 
124 
124 
124 
124 
123 
123 
123 
123 
123 
122 
123 
123 
122 
122 
122 
117 
108 
97 
86 
80 
72 
68 
64 
63 
70 
83 
95 
105 
114 
120 
124 
125 
125 
123 
122 
126 
135 
69 
-63 
-123 
-148 
0 
117 
164 
170 
158 
146 
136 
131 
128 
125 
127 
61 
58 
52 
46 
39 
37 
42 
51 
59 
69 
83 
95 
104 
110 
114 
117 
117 
119 
121 
122 
126 
128 
130 
131 
130 
129 
128 
128 
127 
127 
127 
126 
126 
125 
125 
125 
125 
125 
124 
124 
124 
124 
124 
124 
123 
124 
123 
124 
123 
123 
123 
123 
123 
126 
126 
126 
126 
126 
126 
126 
125 
125 
125 
125 
125 
125 
125 
124 
124 
124 
124 
124 
124 
123 
123 
123 
123 
123 
123 
122 
122 
122 
122 
119 
110 
95 
83 
76 
72 
69 
65 
63 
68 
80 
93 
104 
113 
119 
124 
126 
125 
124 
122 
124 
137 
91 
-49 
-111 
-155 
-28 
103 
160 
171 
161 
147 
138 
135 
133 
130 
129 
125 
113 
103 
94 
85 
77 
71 
69 
66 
64 
61 
58 
52 
45 
39 
38 
44 
53 
61 
71 
85 
96 
106 
110 
114 
117 
117 
120 
118 
119 
122 
127 
131 
131 
131 
130 
129 
128 
127 
127 
127 
126 
126 
126 
126 
126 
125 
125 
125 
125 
124 
124 
124 
124 
124 
124 
123 
123 
123 
123 
126 
127 
127 
127 
126 
126 
126 
126 
126 
125 
125 
125 
125 
125 
125 
124 
125 
124 
124 
124 
124 
124 
123 
123 
123 
123 
123 
123 
122 
122 
122 
122 
118 
113 
104 
93 
83 
76 
72 
69 
64 
63 
70 
82 
94 
105 
114 
120 
124 
126 
125 
124 
122 
125 
136 
77 
-59 
-121 
-151 
-5 
114 
163 
170 
162 
150 
141 
136 
132 
130 
128 
123 
113 
103 
94 
85 
78 
71 
69 
66 
64 
61 
57 
52 
45 
39 
38 
43 
52 
60 
70 
84 
96 
105 
110 
114 
113 
113 
114 
116 
118 
122 
126 
130 
131 
131 
130 
129 
128 
127 
127 
127 
126 
126 
126 
125 
125 
125 
125 
125 
124 
124 
124 
124 
124 
124 
123 
123 
127 
128 
127 
127 
127 
127 
126 
126 
126 
126 
126 
125 
125 
125 
125 
125 
125 
124 
125 
124 
124 
124 
124 
123 
123 
123 
123 
123 
123 
123 
123 
122 
119 
118 
118 
117 
116 
107 
97 
86 
78 
74 
70 
66 
63 
66 
78 
91 
102 
111 
118 
124 
125 
125 
124 
122 
123 
136 
107 
-19 
-99 
-152 
-60 
87 
158 
176 
168 
154 
143 
136 
133 
130 
129 
124 
115 
105 
95 
87 
78 
71 
69 
67 
64 
61 
58 
53 
46 
40 
37 
42 
51 
59 
68 
82 
94 
101 
105 
109 
112 
113 
114 
117 
118 
122 
126 
130 
131 
131 
130 
129 
128 
127 
127 
126 
126 
126 
126 
126 
125 
125 
125 
125 
125 
124 
125 
124 
124 
128 
128 
128 
128 
128 
127 
127 
127 
127 
127 
126 
126 
126 
126 
125 
125 
125 
125 
125 
125 
125 
124 
124 
124 
124 
124 
123 
123 
123 
122 
121 
114 
101 
89 
79 
75 
70 
67 
63 
64 
74 
86 
98 
108 
116 
121 
125 
125 
124 
123 
122 
130 
127 
31 
-79 
-139 
-115 
43 
137 
169 
167 
154 
142 
138 
134 
132 
129 
127 
118 
108 
99 
89 
81 
74 
69 
68 
65 
62 
59 
55 
49 
42 
37 
40 
48 
56 
65 
77 
90 
101 
108 
112 
116 
117 
117 
116 
117 
119 
123 
128 
131 
131 
131 
130 
128 
127 
127 
127 
126 
126 
126 
125 
125 
125 
125 
125 
125 
125 
124 
124 
124 
124 
123 
123 
123 
123 
123 
126 
127 
127 
127 
127 
127 
126 
126 
126 
126 
126 
125 
125 
125 
125 
125 
124 
124 
124 
124 
124 
124 
124 
123 
123 
123 
123 
123 
123 
123 
123 
122 
119 
117 
110 
99 
88 
79 
75 
70 
67 
63 
65 
75 
88 
100 
109 
116 
122 
125 
125 
124 
123 
122 
131 
123 
20 
-84 
-143 
-102 
53 
142 
169 
170 
157 
146 
138 
134 
131 
129 
127 
119 
109 
99 
90 
82 
74 
70 
68 
65 
63 
60 
55 
49 
42 
37 
39 
47 
55 
64 
76 
89 
100 
108 
112 
112 
112 
112 
115 
117 
119 
123 
128 
131 
131 
130 
129 
128 
128 
127 
127 
127 
126 
126 
126 
125 
125 
125 
125 
124 
124 
124 
124 
124 
124 
124 
123 
127 
128 
128 
127 
127 
127 
127 
127 
126 
126 
126 
126 
126 
125 
125 
125 
125 
125 
125 
124 
125 
124 
124 
124 
124 
124 
123 
123 
123 
123 
123 
123 
119 
118 
118 
118 
118 
114 
105 
92 
82 
76 
72 
68 
64 
63 
71 
84 
96 
106 
115 
121 
125 
126 
125 
124 
122 
126 
134 
62 
-67 
-127 
-143 
14 
127 
170 
174 
162 
149 
140 
71 
69 
66 
64 
61 
58 
52 
46 
39 
37 
43 
52 
60 
70 
83 
92 
100 
105 
109 
112 
113 
114 
117 
118 
122 
126 
130 
131 
131 
130 
129 
128 
127 
127 
127 
126 
126 
126 
126 
125 
125 
125 
125 
125 
124 
124 
124 
128 
128 
128 
128 
128 
128 
127 
127 
126 
126 
126 
126 
126 
126 
126 
126 
126 
125 
125 
125 
125 
124 
124 
124 
124 
124 
124 
123 
123 
123 
123 
123 
119 
118 
118 
118 
118 
118 
118 
118 
117 
111 
102 
90 
80 
75 
71 
67 
64 
65 
76 
89 
100 
110 
117 
123 
126 
126 
124 
123 
123 
135 
112 
-4 
-91 
-146 
-67 
80 
155 
175 
168 
154 
144 
137 
132 
130 
129 
61 
58 
54 
47 
40 
37 
41 
50 
55 
62 
76 
88 
98 
105 
109 
112 
113 
114 
116 
118 
121 
125 
129 
132 
131 
130 
129 
128 
127 
127 
127 
126 
126 
126 
126 
125 
125 
125 
125 
125 
128 
129 
129 
129 
129 
128 
128 
128 
127 
127 
127 
127 
127 
126 
126 
126 
126 
125 
125 
125 
125 
125 
124 
124 
124 
124 
124 
124 
123 
123 
123 
123 
120 
119 
118 
119 
119 
118 
118 
118 
118 
118 
118 
118 
113 
104 
93 
82 
76 
72 
69 
64 
63 
70 
83 
95 
105 
114 
120 
125 
126 
125 
123 
126 
132 
136 
47 
-72 
-134 
-111 
49 
143 
173 
171 
158 
146 
138 
69 
68 
65 
63 
59 
55 
49 
41 
34 
34 
42 
51 
60 
72 
85 
95 
104 
107 
112 
113 
113 
116 
117 
120 
124 
128 
131 
131 
131 
130 
129 
128 
127 
127 
127 
126 
126 
126 
126 
125 
129 
130 
129 
129 
129 
129 
129 
128 
128 
128 
127 
127 
127 
127 
127 
127 
127 
127 
126 
126 
126 
125 
125 
125 
125 
125 
125 
125 
125 
124 
124 
124 
120 
119 
119 
119 
119 
119 
119 
118 
118 
118 
118 
118 
118 
118 
118 
112 
103 
92 
81 
76 
72 
68 
64 
64 
72 
85 
97 
107 
115 
121 
125 
129 
129 
128 
127 
132 
137 
57 
-67 
-127 
-130 
29 
136 
172 
172 
158 
146 
138 
133 
130 
129 
124 
115 
105 
96 
87 
78 
72 
69 
66 
64 
61 
58 
49 
41 
34 
32 
38 
47 
55 
65 
79 
91 
100 
106 
110 
113 
113 
115 
117 
118 
123 
127 
131 
132 
131 
130 
129 
128 
128 
127 
127 
126 
126 
126 
129 
130 
130 
130 
130 
129 
129 
129 
129 
128 
128 
128 
128 
127 
127 
127 
127 
126 
127 
126 
126 
126 
126 
125 
125 
125 
125 
125 
125 
124 
124 
124 
121 
120 
119 
119 
119 
119 
119 
119 
119 
