-77 
-79 
-79 
-84 
-90 
-94 
-93 
-91 
-89 
-87 
-85 
-84 
-84 
-83 
-83 
-82 
-82 
-82 
-81 
-81 
-81 
-80 
-80 
-80 
-80 
-80 
-80 
-80 
-80 
-79 
-79 
-79 
-79 
-78 
-78 
-78 
-78 
-78 
-78 
-78 
-78 
-77 
-77 
-77 
-77 
-76 
-76 
-76 
-76 
-76 
-75 
-75 
-75 
-75 
-75 
-75 
-75 
-74 
-75 
-74 
-74 
-74 
-74 
-74 
-74 
-74 
-73 
-62 
-48 
-33 
-21 
-18 
-15 
-12 
-8 
-12 
-28 
-48 
-63 
-75 
-83 
-89 
-91 
-89 
-85 
-82 
-80 
-91 
-90 
66 
226 
226 
135 
-87 
-172 
-176 
-151 
-122 
-104 
-93 
-86 
-82 
-81 
-74 
-59 
-46 
-34 
-24 
-15 
-8 
-9 
-7 
-6 
-3 
1 
7 
16 
23 
23 
12 
-2 
-14 
-27 
-46 
-60 
-71 
-75 
-76 
-78 
-76 
-76 
-79 
-79 
-84 
-89 
-93 
-94 
-91 
-89 
-87 
-86 
-84 
-84 
-83 
-82 
-82 
-82 
-82 
-81 
-81 
-81 
-80 
-81 
-80 
-80 
-80 
-80 
-80 
-80 
-79 
-79 
-79 
-79 
-78 
-78 
-78 
-78 
-78 
-78 
-78 
-77 
-77 
-77 
-76 
-77 
-76 
-76 
-76 
-76 
-76 
-76 
-75 
-75 
-75 
-75 
-75 
-75 
-74 
-73 
-72 
-64 
-50 
-34 
-22 
-18 
-15 
-12 
-9 
-10 
-26 
-45 
-61 
-74 
-83 
-88 
-91 
-89 
-86 
-82 
-80 
-88 
-96 
40 
224 
226 
184 
-46 
-160 
-180 
-160 
-130 
-109 
-96 
-89 
-84 
-82 
-79 
-66 
-52 
-40 
-29 
-19 
-11 
-8 
-9 
-6 
-5 
-1 
4 
12 
21 
25 
16 
2 
-10 
-22 
-40 
-57 
-68 
-74 
-76 
-78 
-77 
-75 
-78 
-78 
-82 
-87 
-93 
-94 
-92 
-90 
-87 
-86 
-84 
-84 
-83 
-83 
-82 
-82 
-82 
-81 
-81 
-81 
-81 
-80 
-80 
-80 
-80 
-80 
-79 
-79 
-79 
-79 
-79 
-79 
-78 
-78 
-78 
-78 
-78 
-78 
-77 
-77 
-77 
-77 
-77 
-77 
-76 
-76 
-76 
-76 
-76 
-75 
-75 
-75 
-75 
-75 
-75 
-75 
-75 
-74 
-74 
-74 
-74 
-74 
-74 
-74 
-73 
-73 
-65 
-51 
-36 
-23 
-19 
-15 
-12 
-8 
-10 
-24 
-44 
-60 
-73 
-82 
-88 
-91 
-89 
-86 
-82 
-80 
-87 
-99 
25 
224 
227 
197 
-31 
-155 
-181 
-163 
-133 
-111 
-97 
-89 
-85 
-82 
-80 
-2 
1 
8 
16 
24 
22 
11 
-3 
-14 
-28 
-47 
-61 
-71 
-74 
-77 
-78 
-76 
-77 
-79 
-79 
-84 
-92 
-94 
-92 
-90 
-87 
-86 
-85 
-84 
-83 
-83 
-82 
-82 
-81 
-81 
-81 
-80 
-80 
-80 
-80 
-80 
-80 
-80 
-80 
-79 
-80 
-79 
-79 
-79 
-79 
-78 
-78 
-78 
-78 
-77 
-77 
-77 
-77 
-77 
-77 
-76 
-77 
-76 
-76 
-76 
-76 
-76 
-75 
-75 
-75 
-75 
-75 
-75 
-75 
-74 
-74 
-74 
-74 
-74 
-74 
-74 
-74 
-73 
-67 
-54 
-38 
-25 
-19 
-16 
-13 
-9 
-9 
-20 
-40 
-58 
-71 
-81 
-87 
-91 
-90 
-86 
-83 
-80 
-84 
-104 
-12 
214 
227 
215 
6 
-143 
-180 
-167 
-138 
-114 
-99 
-90 
-85 
-82 
-81 
-73 
-56 
-43 
-32 
-22 
-13 
-8 
-9 
-7 
-6 
-2 
1 
9 
17 
24 
21 
9 
-5 
-16 
-30 
-49 
-62 
-72 
-74 
-77 
-78 
-76 
-78 
-79 
-81 
-85 
-91 
-94 
-93 
-91 
-88 
-86 
-85 
-84 
-83 
-83 
-82 
-82 
-82 
-82 
-82 
-81 
-81 
-81 
-80 
-80 
-80 
-80 
-80 
-80 
-79 
-79 
-79 
-78 
-78 
-78 
-78 
-78 
-78 
-77 
-77 
-77 
-77 
-77 
-77 
-77 
-76 
-76 
-76 
-76 
-76 
-76 
-75 
-75 
-75 
-75 
-75 
-75 
-74 
-75 
-74 
-74 
-74 
-74 
-74 
-74 
-74 
-73 
-66 
-52 
-36 
-24 
-19 
-15 
-13 
-8 
-10 
-23 
-43 
-59 
-72 
-82 
-87 
-91 
-90 
-86 
-83 
-80 
-85 
-101 
12 
222 
227 
203 
-23 
-153 
-180 
-164 
-134 
-111 
-97 
-90 
-85 
-82 
-80 
-70 
-56 
-43 
-32 
-22 
-14 
-8 
-9 
-7 
-6 
-2 
2 
9 
17 
24 
21 
9 
-4 
-16 
-30 
-48 
-62 
-72 
-74 
-77 
-78 
-76 
-77 
-79 
-79 
-84 
-90 
-94 
-93 
-91 
-89 
-87 
-86 
-84 
-83 
-83 
-82 
-82 
-82 
-81 
-81 
-81 
-81 
-81 
-80 
-80 
-80 
-80 
-80 
-80 
-79 
-79 
-79 
-79 
-78 
-78 
-78 
-78 
-78 
-78 
-77 
-77 
-77 
-77 
-77 
-77 
-77 
-76 
-76 
-76 
-76 
-76 
-76 
-75 
-75 
-75 
-75 
-75 
-75 
-74 
-74 
-74 
-74 
-74 
-74 
-74 
-74 
-73 
-70 
-56 
-41 
-27 
-19 
-17 
-14 
-9 
-8 
-17 
-37 
-55 
-69 
-79 
-85 
-91 
-90 
-87 
-84 
-80 
-82 
-104 
-42 
168 
227 
221 
50 
-125 
-179 
-172 
-144 
-118 
-101 
-91 
-86 
-83 
-81 
-73 
-59 
-46 
-34 
-24 
-15 
-8 
-9 
-7 
-6 
-3 
1 
7 
15 
23 
23 
12 
-2 
-14 
-27 
-46 
-60 
-71 
-75 
-77 
-79 
-76 
-77 
-79 
-80 
-84 
-90 
-94 
-93 
-91 
-89 
-87 
-85 
-84 
-83 
-82 
-82 
-82 
-82 
-82 
-81 
