-124 
-126 
-126 
-126 
-128 
-132 
-128 
-127 
-127 
-129 
-129 
-129 
-130 
-130 
-129 
-129 
-129 
-130 
-130 
-130 
-129 
-129 
-129 
-129 
-129 
-129 
-129 
-128 
-129 
-129 
-129 
-129 
-129 
-129 
-128 
-128 
-128 
-128 
-135 
-137 
-138 
-138 
-137 
-137 
-137 
-137 
-136 
-136 
-136 
-136 
-136 
-136 
-136 
-136 
-136 
-136 
-135 
-135 
-135 
-135 
-135 
-135 
-135 
-134 
-134 
-135 
-138 
-141 
-141 
-138 
-125 
-120 
-117 
-115 
-110 
-103 
-99 
-101 
-103 
-107 
-110 
-115 
-119 
-122 
-124 
-125 
-121 
-129 
-189 
-186 
-62 
27 
34 
-24 
-75 
-107 
-122 
-127 
-129 
-129 
-129 
-136 
-140 
-144 
-143 
-141 
-139 
-136 
-132 
-126 
-124 
-121 
-120 
-118 
-117 
-117 
-114 
-109 
-103 
-99 
-98 
-98 
-96 
-99 
-103 
-109 
-113 
-116 
-121 
-123 
-124 
-126 
-126 
-120 
-119 
-122 
-125 
-127 
-128 
-128 
-129 
-129 
-130 
-129 
-129 
-129 
-129 
-130 
-130 
-130 
-129 
-129 
-129 
-129 
-129 
-129 
-129 
-129 
-130 
-130 
-129 
-129 
-129 
-129 
-129 
-135 
-137 
-138 
-137 
-138 
-137 
-137 
-136 
-136 
-136 
-136 
-136 
-136 
-136 
-136 
-136 
-136 
-136 
-136 
-136 
-135 
-134 
-135 
-135 
-138 
-140 
-141 
-138 
-133 
-130 
-127 
-124 
-113 
-103 
-99 
-100 
-101 
-105 
-109 
-113 
-118 
-121 
-124 
-124 
-121 
-124 
-181 
-200 
-83 
8 
44 
-7 
-62 
-98 
-118 
-126 
-128 
-128 
-129 
-128 
-129 
-133 
-134 
-140 
-141 
-138 
-135 
-129 
-125 
-122 
-120 
-119 
-118 
-117 
-115 
-111 
-104 
-99 
-98 
-98 
-96 
-98 
-102 
-107 
-112 
-116 
-120 
-123 
-123 
-126 
-126 
-127 
-128 
-130 
-133 
-128 
-128 
-127 
-128 
-128 
-129 
-129 
-129 
-129 
-129 
-129 
-129 
-129 
-129 
-129 
-129 
-129 
-128 
-128 
-129 
-129 
-129 
-129 
-129 
-129 
-128 
-128 
-129 
-129 
-129 
-128 
-129 
-136 
-138 
-138 
-138 
-137 
-137 
-136 
-136 
-136 
-136 
-137 
-136 
-137 
-136 
-136 
-136 
-135 
-135 
-135 
-135 
-135 
-134 
-135 
-135 
-134 
-135 
-135 
-138 
-141 
-141 
-139 
-133 
-123 
-118 
-116 
-111 
-104 
-100 
-100 
-102 
-105 
-109 
-113 
-118 
-121 
-124 
-124 
-122 
-123 
-176 
-209 
-93 
2 
45 
-3 
-58 
-96 
-117 
-126 
-128 
-129 
-129 
-128 
-135 
-120 
-117 
-117 
-116 
-114 
-108 
-101 
-99 
-98 
-97 
-96 
-99 
-103 
-109 
-113 
-117 
-121 
-123 
-124 
-127 
-126 
-118 
-120 
-124 
-126 
-128 
-128 
-129 
-129 
-130 
-130 
-130 
-130 
-130 
-130 
-130 
-130 
-130 
-129 
-129 
-129 
-129 
-129 
-129 
-129 
-129 
-129 
-130 
-129 
-129 
-129 
-129 
-129 
-136 
-138 
-138 
-138 
-137 
-137 
-137 
-136 
-136 
-136 
-136 
-136 
-136 
-136 
-136 
-136 
-136 
-136 
-136 
-136 
-135 
-135 
-135 
-135 
-135 
-135 
-134 
-134 
-134 
-135 
-138 
-140 
-134 
-130 
-125 
-121 
-119 
-117 
-113 
-106 
-101 
-100 
-102 
-105 
-109 
-113 
-117 
-121 
-124 
-125 
-123 
-118 
-164 
-222 
-117 
-12 
47 
8 
-50 
-92 
-115 
-124 
-128 
-136 
-139 
-138 
-138 
-141 
-143 
-143 
-140 
-138 
-135 
-130 
-126 
-123 
-120 
-119 
-117 
-117 
-115 
-114 
-107 
-101 
-99 
-98 
-97 
-97 
-100 
-104 
-110 
-114 
-118 
-121 
-123 
-118 
-117 
-117 
-118 
-121 
-124 
-127 
-128 
-129 
-129 
-129 
-130 
-130 
-130 
-130 
-129 
-129 
-129 
-130 
-130 
-130 
-130 
-129 
-129 
-129 
-129 
-129 
-130 
-129 
-129 
-129 
-129 
-136 
-138 
-138 
-137 
-138 
-138 
-137 
-137 
-137 
-136 
-136 
-136 
-136 
-136 
-136 
-135 
-136 
-136 
-136 
-136 
-136 
-136 
-135 
-135 
-135 
-135 
-135 
-135 
-134 
-134 
-134 
-134 
-128 
-128 
-131 
-132 
-130 
-125 
-123 
-119 
-117 
-112 
-106 
-101 
-101 
-102 
-105 
-110 
-113 
-118 
-121 
-124 
-125 
-123 
-122 
-172 
-214 
-98 
-2 
45 
0 
-57 
-95 
-124 
-135 
-138 
-137 
-138 
-137 
-137 
-141 
-143 
-143 
-140 
-138 
-135 
-130 
-125 
-123 
-119 
-119 
-118 
-117 
-115 
-114 
-107 
-100 
-98 
-97 
-96 
-96 
-99 
-103 
-109 
-113 
-110 
-112 
-114 
-115 
-118 
-118 
-118 
-120 
-124 
-126 
-128 
-129 
-128 
-129 
-130 
-130 
-130 
-130 
-129 
-130 
-130 
-130 
-129 
-129 
-129 
-129 
-129 
-129 
-129 
-129 
-129 
-129 
-136 
-138 
-138 
-138 
-137 
-137 
-136 
-136 
-137 
-137 
-137 
-136 
-136 
-136 
-136 
-136 
-136 
-135 
-136 
-135 
-135 
-136 
-136 
-135 
-135 
-135 
-135 
-135 
-135 
-135 
-135 
-134 
-127 
-125 
-125 
-126 
-127 
-131 
-133 
-132 
-128 
-123 
-120 
-119 
-115 
-108 
-102 
-100 
-102 
-105 
-109 
-112 
-116 
-121 
-123 
-125 
-124 
-116 
-152 
-214 
-141 
-26 
45 
12 
-49 
-94 
-120 
-132 
-136 
-137 
-137 
-137 
-137 
-140 
-142 
-142 
-140 
-138 
-135 
-131 
-126 
-124 
-120 
-119 
-117 
-116 
-115 
-114 
-109 
-102 
-99 
-98 
-97 
-95 
-98 
-96 
-99 
-104 
-107 
-112 
-114 
-116 
-117 
-118 
-118 
-120 
-124 
-126 
-128 
-129 
-129 
-129 
-130 
-130 
-130 
-130 
-129 
-129 
-130 
