-69 
115 
226 
224 
105 
-98 
-174 
-176 
-151 
-122 
-104 
-93 
-8 
-9 
-6 
-4 
-1 
5 
13 
22 
24 
16 
1 
-10 
-23 
-40 
-56 
-68 
-74 
-75 
-78 
-77 
-75 
-79 
-79 
-82 
-86 
-92 
-94 
-92 
-90 
-87 
-86 
-85 
-84 
-83 
-82 
-82 
-82 
-82 
-82 
-81 
-81 
-81 
-80 
-80 
-80 
-80 
-80 
-80 
-79 
-79 
-79 
-79 
-79 
-79 
-79 
-78 
-78 
-78 
-77 
-78 
-77 
-77 
-77 
-77 
-77 
-77 
-77 
-76 
-76 
-76 
-76 
-75 
-75 
-75 
-75 
-75 
-75 
-75 
-74 
-74 
-74 
-74 
-74 
-74 
-74 
-74 
-71 
-59 
-44 
-29 
-20 
-17 
-14 
-10 
-8 
-14 
-34 
-52 
-67 
-78 
-84 
-90 
-91 
-88 
-84 
-81 
-81 
-99 
-65 
123 
227 
224 
96 
-103 
-175 
-175 
-150 
-122 
-104 
-93 
-8 
-9 
-6 
-5 
-2 
4 
11 
20 
25 
18 
4 
-8 
-20 
-36 
-53 
-65 
-74 
-75 
-78 
-78 
-75 
-78 
-79 
-81 
-85 
-92 
-94 
-93 
-90 
-88 
-86 
-85 
-84 
-83 
-83 
-82 
-82 
-81 
-81 
-81 
-81 
-81 
-81 
-80 
-80 
-80 
-80 
-80 
-79 
-79 
-79 
-79 
-79 
-79 
-79 
-79 
-78 
-77 
-77 
-77 
-77 
-77 
-77 
-77 
-76 
-77 
-76 
-76 
-76 
-76 
-76 
-76 
-76 
-75 
-75 
-75 
-74 
-75 
-75 
-74 
-74 
-74 
-74 
-74 
-74 
-74 
-73 
-65 
-52 
-36 
-23 
-19 
-15 
-13 
-9 
-9 
-24 
-43 
-60 
-72 
-82 
-87 
-91 
-89 
-86 
-82 
-80 
-86 
-100 
17 
223 
227 
202 
-25 
-153 
-181 
-164 
-134 
-111 
-98 
-90 
-85 
-82 
-80 
-71 
-57 
-44 
-32 
-23 
-14 
-8 
-10 
-7 
-6 
-2 
1 
8 
17 
24 
22 
9 
-4 
-16 
-29 
-48 
-62 
-72 
-75 
-77 
-78 
-76 
-78 
-79 
-80 
-85 
-91 
-94 
-93 
-90 
-88 
-86 
-85 
-84 
-83 
-82 
-82 
-82 
-82 
-81 
-81 
-81 
-81 
-81 
-80 
-80 
-80 
-80 
-80 
-79 
-79 
-79 
-79 
-79 
-78 
-78 
-78 
-78 
-78 
-78 
-77 
-77 
-77 
-77 
-77 
-77 
-77 
-76 
-76 
-76 
-76 
-76 
-76 
-75 
-75 
-75 
-75 
-75 
-75 
-74 
-74 
-74 
-74 
-74 
-74 
-73 
-73 
-71 
-58 
-43 
-28 
-19 
-17 
-14 
-10 
-8 
-15 
-34 
-53 
-67 
-78 
-85 
-90 
-90 
-88 
-84 
-81 
-81 
-101 
-58 
139 
227 
223 
80 
-110 
-176 
-174 
-148 
-121 
-103 
-93 
-8 
-9 
-6 
-5 
-1 
4 
12 
20 
24 
18 
4 
-8 
-20 
-37 
-54 
-66 
-74 
-75 
-78 
-78 
-75 
-78 
-79 
-81 
-85 
-92 
-94 
-93 
-90 
-88 
-86 
-85 
-84 
-83 
-82 
-82 
-82 
-82 
-81 
-81 
-81 
-81 
-81 
-80 
-80 
-80 
-80 
-80 
-79 
-79 
-79 
-79 
-79 
-79 
-78 
-78 
-78 
-78 
-78 
-78 
-77 
-77 
-77 
-77 
-76 
-76 
-76 
-76 
-76 
-76 
-75 
-75 
-75 
-75 
-75 
-75 
-75 
-74 
-74 
-74 
-74 
-74 
-74 
-74 
-73 
-73 
-73 
-64 
-50 
-34 
-22 
-18 
-15 
-12 
-9 
-10 
-25 
-45 
-61 
-73 
-83 
-88 
-91 
-89 
-86 
-82 
-80 
-87 
-98 
33 
224 
227 
186 
-44 
-160 
-180 
-161 
-131 
-109 
-96 
-89 
-84 
-82 
-80 
-65 
-52 
-39 
-28 
-19 
-10 
-8 
-9 
-6 
-5 
-1 
4 
12 
21 
25 
18 
4 
-8 
-20 
-37 
-54 
-66 
-74 
-75 
-78 
-77 
-75 
-78 
-79 
-81 
-85 
-92 
-94 
-92 
-90 
-88 
-86 
-85 
-84 
-83 
-83 
-82 
-82 
-82 
-81 
-81 
-81 
-81 
-81 
-81 
-80 
-80 
-80 
-80 
-80 
-79 
-79 
-79 
-79 
-79 
-78 
-78 
-78 
-78 
-78 
-77 
-77 
-77 
-77 
-77 
-77 
-77 
-76 
-76 
-76 
-76 
-76 
-76 
-76 
-75 
-75 
-75 
-75 
-75 
-74 
-74 
-74 
-74 
-74 
-74 
-73 
-74 
-74 
-69 
-57 
-40 
-26 
-19 
-16 
-13 
-9 
-9 
-22 
-43 
-59 
-72 
-82 
-87 
-91 
-90 
-86 
-82 
-80 
-86 
-101 
12 
223 
227 
205 
-20 
-151 
-181 
-165 
-135 
-111 
-98 
-90 
-85 
-82 
-81 
-71 
-57 
-44 
-32 
-22 
-14 
-8 
-9 
-7 
-6 
-2 
2 
9 
17 
24 
21 
9 
-4 
-16 
-30 
-49 
-62 
-72 
-75 
-77 
-78 
-75 
-77 
-79 
-79 
-84 
-90 
-94 
-93 
-91 
-89 
-87 
-85 
-84 
-84 
-83 
-83 
-82 
-82 
-81 
-81 
-81 
-81 
-81 
-80 
-80 
-80 
-80 
-80 
-80 
-80 
-79 
-79 
-79 
-79 
-79 
-78 
-78 
-78 
-78 
-77 
-77 
-77 
-77 
-77 
-77 
-77 
-76 
-76 
-76 
-76 
-76 
-76 
-76 
-75 
-75 
-75 
-75 
-75 
-75 
-74 
-74 
-74 
-74 
-74 
-74 
-74 
-74 
-72 
-61 
-46 
-31 
-20 
-18 
-14 
-11 
-8 
-13 
-31 
-53 
-68 
-79 
-85 
-90 
-90 
-87 
-84 
-81 
-84 
-101 
18 
224 
227 
191 
-40 
-158 
-180 
-161 
-132 
-110 
-97 
-89 
-85 
-82 
-80 
-2 
1 
8 
17 
24 
22 
10 
-3 
-15 
-29 
-48 
-62 
-72 
-75 
-77 
-78 
-76 
