122 
126 
130 
134 
135 
132 
130 
128 
128 
127 
127 
127 
127 
126 
126 
126 
125 
125 
125 
124 
124 
124 
124 
124 
124 
124 
124 
123 
123 
123 
123 
123 
123 
122 
122 
122 
122 
126 
127 
126 
126 
126 
126 
125 
125 
125 
125 
125 
124 
124 
124 
124 
124 
124 
124 
123 
123 
123 
123 
123 
123 
123 
122 
122 
122 
115 
106 
95 
84 
76 
71 
67 
63 
64 
72 
85 
97 
107 
115 
121 
125 
126 
124 
123 
122 
128 
132 
45 
-76 
-138 
-114 
48 
141 
169 
166 
152 
141 
134 
129 
126 
128 
125 
116 
106 
96 
87 
79 
72 
69 
67 
65 
62 
58 
53 
46 
40 
37 
42 
51 
59 
69 
82 
94 
104 
110 
113 
116 
117 
118 
121 
122 
126 
126 
129 
131 
130 
130 
129 
128 
127 
127 
127 
126 
126 
126 
126 
125 
125 
125 
124 
125 
124 
124 
124 
124 
124 
124 
124 
124 
123 
123 
123 
123 
123 
126 
127 
127 
127 
126 
126 
126 
125 
125 
125 
125 
125 
125 
125 
125 
124 
124 
124 
124 
124 
123 
122 
122 
121 
117 
107 
96 
85 
80 
76 
72 
68 
64 
71 
83 
95 
106 
114 
120 
124 
125 
125 
123 
122 
126 
134 
60 
-68 
-128 
-142 
12 
123 
166 
169 
156 
144 
136 
130 
127 
125 
123 
116 
106 
100 
92 
83 
75 
70 
69 
65 
63 
60 
56 
49 
42 
37 
40 
48 
56 
65 
78 
91 
102 
109 
113 
116 
117 
117 
120 
121 
124 
128 
133 
135 
135 
131 
129 
128 
127 
127 
126 
126 
126 
126 
126 
125 
125 
125 
125 
124 
124 
124 
124 
124 
123 
123 
123 
123 
123 
123 
122 
122 
123 
123 
123 
122 
122 
125 
126 
126 
126 
126 
125 
125 
125 
125 
125 
124 
124 
124 
124 
124 
124 
123 
123 
123 
123 
123 
122 
123 
123 
122 
122 
122 
117 
108 
97 
86 
80 
72 
68 
64 
63 
70 
83 
95 
105 
114 
120 
124 
125 
125 
123 
122 
126 
135 
69 
-63 
-123 
-148 
0 
117 
164 
170 
158 
146 
136 
131 
128 
125 
127 
61 
58 
52 
46 
39 
37 
42 
51 
59 
69 
83 
95 
104 
110 
114 
117 
117 
119 
121 
122 
126 
128 
130 
131 
130 
129 
128 
128 
127 
127 
127 
126 
126 
125 
125 
125 
125 
125 
124 
124 
124 
124 
124 
124 
123 
124 
123 
124 
123 
123 
123 
123 
123 
126 
126 
126 
126 
126 
126 
126 
125 
125 
125 
125 
125 
125 
125 
124 
124 
124 
124 
124 
124 
123 
123 
123 
123 
123 
123 
122 
122 
122 
122 
119 
110 
95 
83 
76 
72 
69 
65 
63 
68 
80 
93 
104 
113 
119 
124 
126 
125 
124 
122 
124 
137 
91 
-49 
-111 
-155 
-28 
103 
160 
171 
161 
147 
138 
135 
133 
130 
129 
125 
113 
103 
94 
85 
77 
71 
69 
66 
64 
61 
58 
52 
45 
39 
38 
44 
53 
61 
71 
85 
96 
106 
110 
114 
117 
117 
120 
118 
119 
122 
127 
131 
131 
131 
130 
129 
128 
127 
127 
127 
126 
126 
126 
126 
126 
125 
125 
125 
125 
124 
124 
124 
124 
124 
124 
123 
123 
123 
123 
126 
127 
127 
127 
126 
126 
126 
126 
126 
125 
125 
125 
125 
125 
125 
124 
125 
124 
124 
124 
124 
124 
123 
123 
123 
123 
123 
123 
122 
122 
122 
122 
118 
113 
104 
93 
83 
76 
72 
69 
64 
63 
70 
82 
94 
105 
114 
120 
124 
126 
125 
124 
122 
125 
136 
77 
-59 
-121 
-151 
-5 
114 
163 
170 
162 
150 
141 
136 
132 
130 
128 
123 
113 
103 
94 
85 
78 
71 
69 
66 
64 
61 
57 
52 
45 
39 
38 
43 
52 
60 
70 
84 
96 
105 
110 
114 
113 
113 
114 
116 
118 
122 
126 
130 
131 
131 
130 
129 
128 
127 
127 
127 
126 
126 
126 
125 
125 
125 
125 
125 
124 
124 
124 
124 
124 
124 
123 
123 
127 
128 
127 
127 
127 
127 
126 
126 
126 
126 
126 
125 
125 
125 
125 
125 
125 
124 
125 
124 
124 
124 
124 
123 
123 
123 
123 
123 
123 
123 
123 
122 
119 
118 
118 
117 
116 
107 
97 
86 
78 
74 
70 
66 
63 
66 
78 
91 
102 
111 
118 
124 
125 
125 
124 
122 
123 
136 
107 
-19 
-99 
-152 
-60 
87 
158 
176 
168 
154 
143 
136 
133 
130 
129 
124 
115 
105 
95 
87 
78 
71 
69 
67 
64 
61 
58 
53 
46 
40 
37 
42 
51 
59 
68 
82 
94 
101 
105 
109 
112 
113 
114 
117 
118 
122 
126 
130 
131 
131 
130 
129 
128 
127 
127 
126 
126 
126 
126 
126 
125 
125 
