-210 
-175 
-54 
28 
30 
-25 
-74 
-105 
-121 
-125 
-128 
-119 
-116 
-113 
-112 
-110 
-109 
-108 
-108 
-103 
-97 
-91 
-91 
-90 
-88 
-97 
-103 
-108 
-114 
-116 
-121 
-124 
-124 
-127 
-126 
-127 
-128 
-131 
-134 
-135 
-137 
-137 
-138 
-137 
-138 
-138 
-137 
-137 
-137 
-137 
-138 
-138 
-137 
-137 
-137 
-137 
-137 
-130 
-127 
-128 
-128 
-128 
-129 
-129 
-129 
-128 
-128 
-128 
-128 
-128 
-127 
-128 
-128 
-128 
-128 
-128 
-128 
-128 
-128 
-128 
-127 
-127 
-128 
-128 
-128 
-128 
-128 
-128 
-128 
-135 
-137 
-137 
-136 
-136 
-135 
-135 
-135 
-137 
-140 
-141 
-141 
-137 
-132 
-129 
-127 
-124 
-118 
-111 
-108 
-109 
-111 
-116 
-119 
-124 
-128 
-131 
-133 
-133 
-125 
-150 
-212 
-164 
-41 
39 
31 
-28 
-77 
-106 
-121 
-126 
-128 
-120 
-116 
-114 
-112 
-110 
-110 
-108 
-108 
-104 
-98 
-92 
-98 
-99 
-98 
-99 
-102 
-106 
-112 
-115 
-119 
-124 
-124 
-126 
-127 
-128 
-127 
-130 
-133 
-135 
-136 
-137 
-138 
-138 
-138 
-138 
-138 
-138 
-138 
-138 
-138 
-138 
-137 
-137 
-130 
-127 
-127 
-127 
-127 
-128 
-128 
-129 
-129 
-129 
-129 
-128 
-128 
-128 
-129 
-129 
-129 
-129 
-128 
-128 
-128 
-128 
-128 
-128 
-128 
-128 
-127 
-128 
-127 
-127 
-128 
-128 
-135 
-137 
-137 
-136 
-136 
-136 
-135 
-135 
-135 
-135 
-134 
-135 
-139 
-140 
-141 
-140 
-134 
-131 
-128 
-126 
-122 
-113 
-109 
-108 
-111 
-114 
-118 
-122 
-126 
-129 
-131 
-132 
-123 
-120 
-172 
-210 
-97 
-1 
46 
0 
-56 
-94 
-116 
-125 
-127 
-127 
-129 
-128 
-128 
-132 
-134 
-133 
-132 
-129 
-126 
-122 
-116 
-115 
-112 
-111 
-109 
-109 
-108 
-113 
-109 
-102 
-100 
-99 
-98 
-97 
-100 
-104 
-111 
-114 
-118 
-122 
-123 
-126 
-127 
-127 
-127 
-130 
-133 
-135 
-136 
-137 
-137 
-137 
-138 
-138 
-138 
-137 
-137 
-138 
-138 
-131 
-128 
-128 
-128 
-128 
-128 
-128 
-128 
-129 
-129 
-129 
-129 
-129 
-128 
-128 
-128 
-128 
-128 
-128 
-129 
-129 
-129 
-129 
-129 
-129 
-129 
-128 
-128 
-128 
-128 
-128 
-127 
-136 
-137 
-137 
-137 
-136 
-136 
-136 
-136 
-135 
-135 
-135 
-135 
-136 
-136 
-136 
-140 
-142 
-141 
-137 
-132 
-128 
-126 
-123 
-118 
-110 
-108 
-109 
-112 
-116 
-119 
-124 
-128 
-124 
-124 
-123 
-116 
-144 
-207 
-155 
-36 
40 
27 
-32 
-79 
-108 
-122 
-126 
-128 
-120 
-117 
-114 
-112 
-111 
-117 
-119 
-117 
-113 
-106 
-101 
-99 
-99 
-97 
-98 
-101 
-106 
-112 
-115 
-119 
-123 
-123 
-126 
-127 
-128 
-127 
-130 
-133 
-135 
-136 
-137 
-138 
-137 
-138 
-138 
-138 
-137 
-130 
-129 
-129 
-129 
-129 
-129 
-129 
-129 
-128 
-128 
-128 
-129 
-129 
-129 
-129 
-129 
-129 
-128 
-128 
-128 
-128 
-128 
-128 
-129 
-129 
-128 
-128 
-128 
-128 
-128 
-128 
-128 
-135 
-138 
-138 
-137 
-137 
-137 
-136 
-136 
-136 
-135 
-135 
-135 
-135 
-135 
-135 
-135 
-135 
-135 
-138 
-141 
-142 
-139 
-134 
-131 
-128 
-125 
-120 
-113 
-109 
-109 
-111 
-114 
-110 
-112 
-117 
-120 
-123 
-124 
-122 
-123 
-178 
-204 
-85 
7 
44 
-6 
-62 
-99 
-119 
-126 
-128 
-128 
-129 
-128 
-128 
-134 
-134 
-134 
-131 
-129 
-125 
-120 
-117 
-121 
-122 
-121 
-119 
-118 
-116 
-112 
-106 
-100 
-99 
-98 
-97 
-97 
-101 
-106 
-112 
-115 
-120 
-123 
-123 
-125 
-127 
-128 
-127 
-130 
-133 
-135 
-136 
-137 
-138 
-137 
-138 
-131 
-128 
-128 
-128 
-129 
-129 
-129 
-129 
-129 
-129 
-129 
-129 
-129 
-129 
-128 
-129 
-129 
-129 
-129 
-129 
-129 
-129 
-129 
-128 
-128 
-129 
-129 
-129 
-129 
-129 
-129 
-128 
-135 
-137 
-137 
-137 
-136 
-136 
-136 
-137 
-136 
-136 
-136 
-136 
-136 
-136 
-135 
-135 
-135 
-135 
-136 
-135 
-134 
-137 
-140 
-141 
-140 
-135 
-131 
-128 
-126 
-122 
-114 
-109 
-102 
-101 
-104 
-109 
-113 
-117 
-121 
-124 
-124 
-122 
-121 
-172 
-214 
-101 
-3 
47 
1 
-55 
-94 
-117 
-126 
-127 
-128 
-129 
-129 
-129 
-132 
-135 
-134 
-132 
-130 
-133 
-132 
-127 
-124 
-121 
-120 
-118 
-117 
-116 
-114 
-108 
-101 
-99 
-98 
-97 
-97 
-100 
-104 
-110 
-114 
-117 
-122 
-123 
-125 
-126 
-126 
-126 
-128 
-132 
-135 
-136 
-137 
-130 
-128 
-127 
-128 
-129 
-129 
-129 
-130 
-129 
-129 
-130 
-129 
-129 
-129 
-129 
-129 
-129 
-129 
-128 
-129 
-129 
-129 
-129 
-129 
-129 
-128 
-128 
-128 
-129 
-129 
-129 
-129 
-135 
-138 
-138 
-137 
-137 
-136 
-136 
-136 
-136 
-135 
-136 
-136 
-136 
-136 
-135 
-135 
-135 
-135 
-135 
-135 
-135 
-134 
-134 
-134 
-135 
-139 
-141 
-141 
-137 
-132 
-129 
-127 
-117 
-110 
-102 
-99 
-100 
-104 
-109 
-112 
-117 
-121 
-123 
-125 
-123 
-121 
-174 
-210 
-89 
5 
44 
-5 
-60 
-98 
-117 
-125 
-128 
-129 
-129 
-129 
-129 
-119 
-117 
-117 
-116 
-114 
-108 
-102 
-99 
-99 
-98 
-96 
-99 
-103 
-110 
-113 
-117 
-121 
-123 
