-116 
-115 
-112 
-111 
-109 
-109 
-108 
-113 
-109 
-102 
-100 
-99 
-98 
-97 
-100 
-104 
-111 
-114 
-118 
-122 
-123 
-126 
-127 
-127 
-127 
-130 
-133 
-135 
-136 
-137 
-137 
-137 
-138 
-138 
-138 
-137 
-137 
-138 
-138 
-131 
-128 
-128 
-128 
-128 
-128 
-128 
-128 
-129 
-129 
-129 
-129 
-129 
-128 
-128 
-128 
-128 
-128 
-128 
-129 
-129 
-129 
-129 
-129 
-129 
-129 
-128 
-128 
-128 
-128 
-128 
-127 
-136 
-137 
-137 
-137 
-136 
-136 
-136 
-136 
-135 
-135 
-135 
-135 
-136 
-136 
-136 
-140 
-142 
-141 
-137 
-132 
-128 
-126 
-123 
-118 
-110 
-108 
-109 
-112 
-116 
-119 
-124 
-128 
-124 
-124 
-123 
-116 
-144 
-207 
-155 
-36 
40 
27 
-32 
-79 
-108 
-122 
-126 
-128 
-120 
-117 
-114 
-112 
-111 
-117 
-119 
-117 
-113 
-106 
-101 
-99 
-99 
-97 
-98 
-101 
-106 
-112 
-115 
-119 
-123 
-123 
-126 
-127 
-128 
-127 
-130 
-133 
-135 
-136 
-137 
-138 
-137 
-138 
-138 
-138 
-137 
-130 
-129 
-129 
-129 
-129 
-129 
-129 
-129 
-128 
-128 
-128 
-129 
-129 
-129 
-129 
-129 
-129 
-128 
-128 
-128 
-128 
-128 
-128 
-129 
-129 
-128 
-128 
-128 
-128 
-128 
-128 
-128 
-135 
-138 
-138 
-137 
-137 
-137 
-136 
-136 
-136 
-135 
-135 
-135 
-135 
-135 
-135 
-135 
-135 
-135 
-138 
-141 
-142 
-139 
-134 
-131 
-128 
-125 
-120 
-113 
-109 
-109 
-111 
-114 
-110 
-112 
-117 
-120 
-123 
-124 
-122 
-123 
-178 
-204 
-85 
7 
44 
-6 
-62 
-99 
-119 
-126 
-128 
-128 
-129 
-128 
-128 
-134 
-134 
-134 
-131 
-129 
-125 
-120 
-117 
-121 
-122 
-121 
-119 
-118 
-116 
-112 
-106 
-100 
-99 
-98 
-97 
-97 
-101 
-106 
-112 
-115 
-120 
-123 
-123 
-125 
-127 
-128 
-127 
-130 
-133 
-135 
-136 
-137 
-138 
-137 
-138 
-131 
-128 
-128 
-128 
-129 
-129 
-129 
-129 
-129 
-129 
-129 
-129 
-129 
-129 
-128 
-129 
-129 
-129 
-129 
-129 
-129 
-129 
-129 
-128 
-128 
-129 
-129 
-129 
-129 
-129 
-129 
-128 
-135 
-137 
-137 
-137 
-136 
-136 
-136 
-137 
-136 
-136 
-136 
-136 
-136 
-136 
-135 
-135 
-135 
-135 
-136 
-135 
-134 
-137 
-140 
-141 
-140 
-135 
-131 
-128 
-126 
-122 
-114 
-109 
-102 
-101 
-104 
-109 
-113 
-117 
-121 
-124 
-124 
-122 
-121 
-172 
-214 
-101 
-3 
47 
1 
-55 
-94 
-117 
-126 
-127 
-128 
-129 
-129 
-129 
-132 
-135 
-134 
-132 
-130 
-133 
-132 
-127 
-124 
-121 
-120 
-118 
-117 
-116 
-114 
-108 
-101 
-99 
-98 
-97 
-97 
-100 
-104 
-110 
-114 
-117 
-122 
-123 
-125 
-126 
-126 
-126 
-128 
-132 
-135 
-136 
-137 
-130 
-128 
-127 
-128 
-129 
-129 
-129 
-130 
-129 
-129 
-130 
-129 
-129 
-129 
-129 
-129 
-129 
-129 
-128 
-129 
-129 
-129 
-129 
-129 
-129 
-128 
-128 
-128 
-129 
-129 
-129 
-129 
-135 
-138 
-138 
-137 
-137 
-136 
-136 
-136 
-136 
-135 
-136 
-136 
-136 
-136 
-135 
-135 
-135 
-135 
-135 
-135 
-135 
-134 
-134 
-134 
-135 
-139 
-141 
-141 
-137 
-132 
-129 
-127 
-117 
-110 
-102 
-99 
-100 
-104 
-109 
-112 
-117 
-121 
-123 
-125 
-123 
-121 
-174 
-210 
-89 
5 
44 
-5 
-60 
-98 
-117 
-125 
-128 
-129 
-129 
-129 
-129 
-119 
-117 
-117 
-116 
-114 
-108 
-102 
-99 
-99 
-98 
-96 
-99 
-103 
-110 
-113 
-117 
-121 
-123 
-124 
-126 
-126 
-126 
-128 
-132 
-128 
-127 
-127 
-129 
-129 
-129 
-130 
-130 
-129 
-129 
-129 
-130 
-130 
-130 
-129 
-129 
-129 
-129 
-129 
-129 
-129 
-128 
-129 
-129 
-129 
-129 
-129 
-129 
-128 
-128 
-128 
-128 
-135 
-137 
-138 
-138 
-137 
-137 
-137 
-137 
-136 
-136 
-136 
-136 
-136 
-136 
-136 
-136 
-136 
-136 
-135 
-135 
-135 
-135 
-135 
-135 
-135 
-134 
-134 
-135 
-138 
-141 
-141 
-138 
-125 
-120 
-117 
-115 
-110 
-103 
-99 
-101 
-103 
-107 
-110 
-115 
-119 
-122 
-124 
-125 
-121 
-129 
-189 
-186 
-62 
27 
34 
-24 
-75 
-107 
-122 
-127 
-129 
-129 
-129 
-136 
-140 
-144 
-143 
-141 
-139 
-136 
-132 
-126 
-124 
-121 
-120 
-118 
-117 
-117 
-114 
-109 
-103 
-99 
-98 
-98 
-96 
-99 
-103 
-109 
-113 
-116 
-121 
-123 
-124 
-126 
-126 
-120 
-119 
-122 
-125 
-127 
-128 
-128 
-129 
-129 
-130 
-129 
-129 
-129 
-129 
-130 
-130 
-130 
-129 
-129 
-129 
-129 
-129 
-129 
-129 
-129 
-130 
-130 
-129 
-129 
-129 
-129 
-129 
-135 
-137 
-138 
-137 
-138 
-137 
-137 
-136 
-136 
-136 
-136 
-136 
-136 
-136 
-136 
-136 
-136 
-136 
-136 
-136 
-135 
-134 
-135 
-135 
-138 
-140 
-141 
-138 
-133 
-130 
-127 
-124 
-113 
-103 
-99 
-100 
-101 
-105 
-109 
-113 
-118 
-121 
-124 
-124 
-121 
-124 
-181 
-200 
-83 
8 
44 
-7 
-62 
-98 
-118 
-126 
-128 
-128 
-129 
-128 
-129 
-133 
-134 
-140 
-141 
-138 
-135 
-129 
-125 
-122 
-120 
-119 
-118 
-117 
-115 
-111 
-104 
-99 
-98 
-98 
-96 
-98 
-102 
-107 
-112 
-116 
-120 
-123 
-123 
-126 
-126 
-127 
-128 
-130 
-133 
-128 
-128 
-127 
-128 
-128 
-129 
-129 
-129 
-129 
-129 
-129 
-129 
-129 
-129 
-129 
-129 
-129 
-128 
-128 
-129 
-129 
-129 
-129 
-129 
-129 
-128 
-128 
-129 
-129 
-129 
-128 
-129 
-136 
-138 
-138 
-138 
-137 
-137 
-136 
-136 
-136 
-136 
-137 
-136 
-137 
-136 
-136 
-136 
-135 
-135 
-135 
-135 
-135 
-134 
-135 
-135 
-134 
-135 
-135 
-138 
-141 
-141 
-139 
-133 
-123 
-118 
-116 
-111 
-104 
-100 
-100 
-102 
-105 
-109 
-113 
-118 
-121 
-124 
-124 
-122 
-123 
-176 
-209 
-93 
2 
45 
-3 
-58 
-96 
-117 
-126 
-128 
-129 
-129 
-128 
-135 
-120 
-117 
-117 
-116 
-114 
-108 
-101 
-99 
-98 
-97 
-96 
-99 
-103 
-109 
-113 
-117 
-121 
-123 
-124 
-127 
-126 
-118 
-120 
-124 
-126 
-128 
-128 
-129 
-129 
-130 
-130 
-130 
-130 
-130 
-130 
-130 
-130 
-130 
-129 
-129 
-129 
-129 
-129 
-129 
-129 
-129 
-129 
-130 
-129 
-129 
-129 
-129 
-129 
-136 
-138 
-138 
-138 
-137 
-137 
-137 
-136 
-136 
-136 
-136 
-136 
-136 
-136 
-136 
-136 
-136 
-136 
-136 
-136 
-135 
-135 
-135 
-135 
-135 
-135 
-134 
-134 
-134 
-135 
-138 
-140 
-134 
-130 
-125 
-121 
-119 
-117 
-113 
-106 
-101 
-100 
-102 
-105 
-109 
-113 
-117 
-121 
-124 
-125 
-123 
-118 
-164 
-222 
-117 
-12 
47 
8 
-50 
-92 
-115 
-124 
-128 
-136 
-139 
-138 
-138 
-141 
-143 
-143 
-140 
-138 
-135 
-130 
-126 
-123 
-120 
-119 
-117 
-117 
-115 
-114 
-107 
-101 
-99 
-98 
-97 
-97 
-100 
-104 
-110 
-114 
-118 
-121 
-123 
-118 
-117 
-117 
-118 
-121 
-124 
-127 
-128 
-129 
-129 
-129 
-130 
-130 
-130 
-130 
-129 
-129 
