-82 
-81 
-81 
-81 
-80 
-80 
-80 
-80 
-80 
-80 
-79 
-79 
-79 
-78 
-78 
-78 
-78 
-78 
-78 
-77 
-77 
-77 
-77 
-77 
-77 
-77 
-76 
-76 
-76 
-76 
-76 
-76 
-75 
-75 
-75 
-75 
-75 
-75 
-74 
-75 
-74 
-74 
-74 
-74 
-74 
-74 
-74 
-73 
-66 
-52 
-36 
-24 
-19 
-15 
-13 
-8 
-10 
-23 
-43 
-59 
-72 
-82 
-87 
-91 
-90 
-86 
-83 
-80 
-85 
-101 
12 
222 
227 
203 
-23 
-153 
-180 
-164 
-134 
-111 
-97 
-90 
-85 
-82 
-80 
-70 
-56 
-43 
-32 
-22 
-14 
-8 
-9 
-7 
-6 
-2 
2 
9 
17 
24 
21 
9 
-4 
-16 
-30 
-48 
-62 
-72 
-74 
-77 
-78 
-76 
-77 
-79 
-79 
-84 
-90 
-94 
-93 
-91 
-89 
-87 
-86 
-84 
-83 
-83 
-82 
-82 
-82 
-81 
-81 
-81 
-81 
-81 
-80 
-80 
-80 
-80 
-80 
-80 
-79 
-79 
-79 
-79 
-78 
-78 
-78 
-78 
-78 
-78 
-77 
-77 
-77 
-77 
-77 
-77 
-77 
-76 
-76 
-76 
-76 
-76 
-76 
-75 
-75 
-75 
-75 
-75 
-75 
-74 
-74 
-74 
-74 
-74 
-74 
-74 
-74 
-73 
-70 
-56 
-41 
-27 
-19 
-17 
-14 
-9 
-8 
-17 
-37 
-55 
-69 
-79 
-85 
-91 
-90 
-87 
-84 
-80 
-82 
-104 
-42 
168 
227 
221 
50 
-125 
-179 
-172 
-144 
-118 
-101 
-91 
-86 
-83 
-81 
-73 
-59 
-46 
-34 
-24 
-15 
-8 
-9 
-7 
-6 
-3 
1 
7 
15 
23 
23 
12 
-2 
-14 
-27 
-46 
-60 
-71 
-75 
-77 
-79 
-76 
-77 
-79 
-80 
-84 
-90 
-94 
-93 
-91 
-89 
-87 
-85 
-84 
-83 
-82 
-82 
-82 
-82 
-82 
-81 
-81 
-81 
-80 
-81 
-80 
-80 
-80 
-80 
-80 
-79 
-79 
-79 
-79 
-78 
-78 
-78 
-78 
-78 
-78 
-78 
-77 
-77 
-77 
-77 
-77 
-76 
-76 
-76 
-76 
-76 
-76 
-76 
-75 
-75 
-75 
-75 
-75 
-74 
-72 
-60 
-46 
-31 
-20 
-18 
-14 
-11 
-8 
-13 
-31 
-49 
-64 
-76 
-84 
-89 
-91 
-88 
-85 
-81 
-80 
-94 
-80 
88 
226 
225 
135 
-82 
-170 
-178 
-154 
-125 
-106 
-94 
-88 
-84 
-81 
-78 
-64 
-50 
-38 
-27 
-18 
-10 
-8 
-9 
-6 
-4 
-1 
5 
12 
21 
25 
16 
2 
-10 
-22 
-39 
-56 
-67 
-74 
-75 
-79 
-77 
-75 
-78 
-79 
-82 
-86 
-92 
-94 
-92 
-90 
-88 
-86 
-84 
-84 
-83 
-82 
-82 
-82 
-81 
-81 
-81 
-81 
-81 
-81 
-81 
-80 
-80 
-80 
-80 
-79 
-79 
-79 
-79 
-79 
-78 
-78 
-78 
-78 
-78 
-78 
-77 
-77 
-77 
-77 
-77 
-77 
-76 
-77 
-76 
-76 
-76 
-76 
-75 
-76 
-75 
-75 
-75 
-75 
-75 
-74 
-74 
-74 
-74 
-74 
-74 
-74 
-74 
-72 
-60 
-45 
-30 
-20 
-18 
-14 
-11 
-8 
-14 
-32 
-51 
-66 
-77 
-84 
-90 
-91 
-88 
-84 
-82 
-80 
-96 
-72 
107 
227 
224 
115 
-93 
-173 
-176 
-152 
-123 
-104 
-93 
-87 
-83 
-81 
-78 
-65 
-51 
-39 
-28 
-19 
-11 
-8 
-9 
-6 
-5 
-1 
4 
12 
21 
24 
17 
3 
-9 
-21 
-38 
-55 
-66 
-74 
-75 
-78 
-77 
-75 
-78 
-79 
-81 
-86 
-92 
-94 
-92 
-90 
-88 
-86 
-85 
-84 
-83 
-83 
-82 
-82 
-82 
-81 
-81 
-81 
-81 
-80 
-80 
-80 
-80 
-80 
-80 
-79 
-79 
-79 
-79 
-78 
-78 
-78 
-78 
-78 
-78 
-78 
-78 
-77 
-77 
-77 
-77 
-77 
-76 
-76 
-76 
-76 
-76 
-76 
-75 
-75 
-75 
-75 
-75 
-75 
-75 
-75 
-74 
-74 
-74 
-74 
-74 
-74 
-74 
-74 
-66 
-52 
-35 
-23 
-18 
-15 
-12 
-8 
-10 
-26 
-45 
-61 
-74 
-83 
-88 
-91 
-89 
-86 
-83 
-80 
-88 
-96 
38 
224 
227 
186 
-44 
-159 
-180 
-161 
-131 
-109 
-96 
-8 
-9 
-7 
-6 
-3 
1 
8 
16 
24 
22 
10 
-4 
-15 
-29 
-47 
-62 
-72 
-74 
-77 
-78 
-76 
-77 
-79 
-79 
-84 
-90 
-94 
-93 
-91 
-89 
-87 
-85 
-84 
-83 
-83 
-82 
-82 
-82 
-82 
-81 
-81 
-81 
-81 
-80 
-80 
-80 
-80 
-80 
-79 
-79 
-79 
-79 
-79 
-78 
-78 
-78 
-78 
-78 
-77 
-77 
-77 
-77 
-77 
-77 
-77 
-77 
-76 
-76 
-76 
-76 
-76 
-76 
-76 
-75 
-75 
-75 
-75 
-75 
-75 
-74 
-74 
-74 
-74 
-74 
-74 
-74 
-74 
-72 
-62 
-48 
-32 
-21 
-18 
-14 
-11 
-8 
-14 
-33 
-52 
-67 
-78 
-85 
-90 
-91 
-88 
-84 
-81 
-82 
-102 
-52 
150 
227 
222 
68 
-116 
-177 
-173 
-145 
-119 
-102 
-92 
-86 
-83 
-81 
-3 
0 
6 
14 
23 
24 
14 
-1 
-13 
-25 
-44 
-59 
-69 
-74 
-76 
-78 
-76 
-76 
-79 
-79 
-83 
-88 
-93 
-94 
-92 
-89 
-87 
-85 
-84 
-84 
-83 
-82 
-82 
-82 
-82 
-81 
-81 
-81 
-80 
-80 
-80 
-80 
-80 
-80 
-80 
-79 
-79 
-79 
-79 
-78 
-78 
-78 
-78 
-78 
-78 
-77 
-77 
-77 
-77 
-77 
-76 
-76 
-76 
-76 
-76 
-76 
-76 
-76 
-75 
-75 
-75 
-75 
-75 
-75 
-75 
-75 
-75 
-74 
-74 
-74 
-74 
-74 
-74 
-74 
-65 
-52 
-35 
-23 
-18 
-15 
-13 
-8 
-10 
-24 
-44 
-60 
-72 
-82 
-87 
-91 
-89 
-86 
-82 
-80 
-90 
-89 
70 
226 
226 
136 
-84 
-170 
-177 
-153 
-125 
-105 
-94 
-8 
-8 
-6 
-5 
-1 
4 
12 
21 
24 
17 
3 
-9 
-21 
-38 
-55 
-66 
-74 
-75 
-78 
-77 
-75 
-78 
-79 
-82 
-86 
-92 
-94 
-92 
-90 
-88 
-86 
-85 
-84 
-83 
-83 
-82 
-82 
-82 
-81 
-81 
-81 
-81 
-80 
-80 
-80 
-80 
-80 
-80 
-79 
-79 
-79 
-79 
-79 
-78 
-78 
-78 
-78 
-78 
-78 
-77 
-77 
-77 
-77 
-77 
-77 
-77 
-76 
-76 
-76 
-76 
-76 
-76 
-75 
-75 
-75 
-75 
-75 
-75 
-75 
-74 
-74 
-74 
-74 
-74 
-74 
-74 
-73 
-63 
-50 
-34 
-22 
-18 
-15 
-12 
-8 
-11 
-27 
-47 
-62 
-74 
-83 
-88 
-91 
-89 
-85 
-82 
-80 
-89 
-92 
54 
225 
226 
170 
-61 
-166 
-178 
-155 
-125 
-105 
-94 
-87 
-83 
-81 
-73 
-59 
-46 
-35 
-24 
-15 
-9 
-9 
-7 
-6 
-3 
1 
7 
16 
24 
23 
11 
-3 
-14 
-27 
-47 
-61 
-71 
-75 
-77 
-79 
-76 
-77 
-79 
-79 
-85 
-91 
-94 
-93 
-90 
-88 
-86 
-85 
-84 
-83 
-83 
-82 
-82 
-82 
-81 
-81 
-81 
-81 
-81 
-80 
-80 
-80 
-80 
-79 
-79 
-79 
-79 
-79 
-79 
-78 
-78 
-78 
-78 
-78 
-78 
-77 
-77 
-77 
-77 
-77 
-77 
-76 
-76 
-76 
-76 
-76 
-76 
-76 
-75 
-75 
-75 
-75 
-75 
-75 
-75 
