10 
10 
11 
11 
11 
11 
11 
11 
11 
11 
11 
11 
11 
11 
12 
11 
12 
12 
12 
12 
12 
11 
11 
12 
22 
34 
45 
53 
49 
48 
49 
51 
46 
30 
13 
3 
-5 
-9 
-12 
-11 
-8 
-3 
0 
2 
-8 
-3 
144 
262 
201 
88 
-83 
-117 
-95 
-60 
-31 
-15 
-6 
0 
3 
7 
14 
27 
37 
45 
51 
56 
60 
56 
56 
56 
57 
60 
64 
70 
74 
72 
60 
48 
38 
28 
13 
4 
-2 
-2 
-1 
-1 
3 
4 
2 
3 
0 
-7 
-11 
-10 
-6 
-4 
-2 
-1 
1 
1 
2 
3 
3 
3 
3 
4 
4 
4 
4 
3 
4 
4 
4 
4 
4 
4 
5 
5 
5 
5 
6 
6 
6 
9 
10 
10 
10 
11 
10 
10 
11 
10 
11 
11 
11 
11 
11 
11 
11 
11 
11 
11 
11 
11 
11 
12 
13 
21 
32 
45 
52 
53 
53 
54 
55 
49 
32 
15 
4 
-5 
-10 
-12 
-12 
-8 
-4 
0 
2 
-6 
-10 
120 
268 
211 
134 
-56 
-117 
-104 
-71 
-39 
-19 
-8 
-3 
1 
2 
5 
17 
28 
40 
48 
54 
59 
58 
55 
56 
56 
58 
62 
67 
73 
74 
64 
51 
41 
32 
18 
6 
0 
-2 
-1 
-1 
2 
5 
3 
4 
1 
-2 
-6 
-6 
-3 
-4 
-2 
-1 
1 
1 
2 
2 
3 
3 
3 
3 
3 
3 
3 
4 
4 
4 
4 
4 
5 
5 
5 
5 
5 
5 
5 
5 
6 
6 
6 
5 
6 
10 
11 
11 
11 
10 
11 
11 
11 
11 
11 
12 
11 
12 
11 
11 
11 
11 
11 
12 
12 
12 
11 
12 
12 
11 
12 
12 
20 
32 
43 
52 
52 
50 
50 
52 
48 
34 
17 
5 
-4 
-9 
-12 
-12 
-8 
-4 
0 
2 
-5 
-13 
107 
272 
217 
147 
-46 
-115 
-107 
-75 
-42 
-21 
-9 
-3 
0 
2 
7 
58 
59 
64 
70 
75 
70 
59 
47 
38 
27 
12 
3 
-2 
-1 
-2 
0 
3 
3 
2 
4 
0 
-10 
-11 
-7 
-5 
-2 
-1 
0 
1 
2 
2 
3 
3 
4 
4 
4 
5 
5 
4 
4 
4 
4 
4 
4 
5 
4 
5 
5 
5 
5 
6 
6 
6 
9 
11 
11 
11 
10 
10 
10 
11 
10 
11 
11 
11 
11 
11 
11 
11 
11 
11 
11 
11 
11 
12 
12 
12 
12 
12 
11 
11 
11 
12 
18 
29 
38 
46 
48 
48 
49 
51 
49 
38 
20 
6 
-3 
-9 
-11 
-12 
-9 
-4 
-1 
2 
-2 
-19 
73 
271 
229 
168 
-19 
-112 
-110 
-80 
-46 
-24 
-11 
0 
5 
7 
8 
15 
29 
39 
46 
52 
57 
59 
56 
56 
55 
58 
59 
65 
70 
75 
69 
57 
45 
37 
26 
11 
3 
-2 
-1 
-1 
0 
3 
3 
-1 
-3 
-6 
-10 
-10 
-8 
-5 
-2 
0 
0 
1 
2 
2 
3 
3 
3 
3 
3 
4 
4 
4 
5 
4 
4 
4 
4 
4 
5 
5 
5 
6 
6 
9 
10 
10 
10 
11 
11 
10 
10 
10 
10 
10 
11 
11 
11 
11 
10 
11 
11 
11 
11 
11 
11 
11 
12 
11 
12 
12 
12 
11 
11 
11 
11 
9 
14 
26 
39 
47 
48 
50 
49 
52 
48 
35 
18 
6 
-3 
-9 
-11 
-12 
-9 
-4 
-1 
2 
-3 
-15 
95 
273 
220 
154 
-40 
-115 
-107 
-76 
-39 
-16 
-4 
1 
5 
7 
8 
18 
29 
39 
46 
52 
57 
59 
55 
56 
55 
58 
60 
65 
70 
75 
69 
57 
46 
36 
25 
12 
3 
-3 
-1 
-2 
-4 
-1 
-1 
-2 
-1 
-4 
-9 
-11 
-8 
-6 
-3 
-1 
-1 
1 
2 
2 
3 
3 
3 
4 
4 
4 
3 
3 
4 
4 
4 
4 
4 
4 
5 
5 
8 
9 
10 
10 
10 
10 
9 
9 
10 
10 
10 
10 
10 
10 
10 
11 
11 
10 
11 
10 
10 
11 
11 
11 
11 
11 
11 
12 
12 
12 
12 
11 
8 
7 
7 
8 
11 
23 
35 
45 
49 
48 
49 
52 
51 
41 
23 
8 
-1 
-7 
-10 
-13 
-10 
-5 
-2 
2 
0 
-20 
44 
233 
241 
179 
15 
-100 
-110 
-82 
-48 
-23 
-8 
0 
4 
6 
7 
15 
26 
36 
44 
51 
56 
59 
56 
56 
55 
57 
59 
63 
69 
74 
72 
60 
48 
38 
28 
13 
4 
-6 
-7 
-6 
-6 
-1 
-1 
-2 
-2 
-4 
-9 
-11 
-8 
-6 
-3 
-1 
0 
1 
2 
3 
3 
3 
3 
3 
4 
4 
4 
5 
4 
4 
5 
4 
4 
8 
9 
9 
9 
9 
10 
10 
10 
10 
