-2 
0 
-1 
2 
5 
2 
4 
1 
-1 
-5 
-5 
-2 
0 
3 
4 
5 
5 
6 
7 
7 
7 
7 
7 
8 
8 
7 
8 
8 
8 
8 
5 
3 
4 
4 
4 
5 
5 
5 
4 
5 
5 
5 
6 
5 
6 
6 
6 
6 
6 
6 
6 
7 
7 
6 
6 
7 
7 
7 
7 
7 
7 
7 
12 
13 
13 
12 
12 
12 
12 
12 
15 
25 
37 
48 
53 
53 
54 
56 
56 
48 
30 
15 
4 
-3 
-5 
-8 
-7 
-2 
2 
5 
5 
-12 
26 
198 
252 
189 
53 
-93 
-118 
-93 
-60 
-31 
-15 
-6 
54 
51 
52 
52 
53 
58 
62 
69 
71 
62 
49 
43 
34 
22 
9 
2 
-3 
-1 
-1 
1 
5 
3 
3 
2 
0 
-6 
-6 
-4 
0 
2 
4 
5 
6 
6 
6 
7 
7 
8 
8 
8 
8 
7 
7 
5 
3 
3 
3 
3 
4 
4 
5 
5 
5 
5 
4 
4 
5 
6 
6 
6 
6 
6 
6 
6 
7 
6 
7 
7 
7 
6 
7 
6 
6 
7 
7 
11 
13 
12 
11 
12 
12 
12 
12 
12 
12 
11 
12 
20 
31 
43 
52 
52 
54 
54 
56 
54 
38 
22 
9 
1 
-5 
-7 
-8 
-4 
0 
4 
6 
-3 
-15 
99 
272 
219 
152 
-42 
-115 
-108 
-76 
-43 
-21 
-10 
-4 
0 
2 
4 
12 
24 
33 
42 
47 
52 
55 
50 
52 
51 
54 
55 
60 
67 
74 
71 
58 
47 
37 
27 
12 
3 
-2 
-1 
-1 
0 
4 
3 
3 
3 
-1 
-5 
-6 
-4 
0 
2 
4 
4 
5 
6 
7 
7 
7 
7 
8 
8 
4 
3 
3 
4 
4 
4 
4 
4 
5 
5 
5 
5 
5 
5 
5 
5 
5 
5 
5 
6 
6 
6 
6 
6 
6 
6 
7 
7 
7 
7 
7 
6 
11 
12 
12 
12 
11 
11 
12 
12 
12 
12 
12 
12 
13 
13 
14 
26 
38 
49 
54 
53 
53 
55 
55 
47 
29 
14 
4 
-3 
-6 
-8 
-6 
-2 
-1 
1 
0 
-18 
28 
208 
248 
186 
40 
-96 
-116 
-91 
-57 
-30 
-15 
-6 
54 
51 
52 
52 
54 
61 
68 
73 
74 
66 
53 
43 
34 
20 
8 
1 
-3 
-1 
-1 
1 
5 
3 
3 
2 
0 
-6 
-6 
-4 
0 
2 
4 
5 
5 
6 
7 
7 
7 
3 
3 
3 
3 
3 
3 
4 
4 
4 
4 
4 
5 
5 
5 
5 
5 
5 
5 
5 
5 
5 
5 
5 
6 
6 
6 
6 
7 
7 
7 
7 
7 
10 
12 
12 
12 
12 
12 
11 
11 
12 
12 
12 
12 
12 
12 
12 
12 
12 
12 
21 
33 
45 
53 
53 
54 
55 
55 
52 
37 
20 
8 
0 
-6 
-11 
-13 
-9 
-5 
0 
2 
-5 
-12 
114 
270 
213 
136 
-55 
-117 
-104 
-72 
-39 
-19 
-8 
-3 
1 
2 
4 
18 
28 
37 
44 
50 
55 
54 
51 
56 
57 
59 
62 
68 
74 
75 
66 
53 
43 
34 
20 
8 
1 
-3 
-1 
-1 
2 
5 
3 
3 
2 
0 
-6 
-6 
-3 
0 
2 
4 
5 
5 
6 
3 
2 
2 
2 
3 
3 
3 
3 
3 
3 
4 
4 
4 
4 
4 
5 
5 
5 
5 
5 
6 
6 
6 
5 
5 
6 
6 
6 
6 
6 
6 
6 
10 
11 
11 
11 
11 
11 
11 
12 
11 
11 
11 
11 
12 
12 
12 
12 
12 
12 
13 
12 
11 
16 
27 
40 
50 
53 
53 
54 
56 
54 
40 
22 
6 
-4 
-10 
-11 
-12 
-9 
-4 
0 
2 
-4 
-16 
95 
274 
221 
156 
-38 
-114 
-109 
-77 
-43 
-21 
-10 
-4 
0 
3 
3 
12 
24 
34 
42 
48 
56 
60 
56 
56 
56 
58 
60 
65 
71 
75 
70 
57 
46 
37 
26 
11 
3 
-2 
-2 
-1 
0 
4 
3 
3 
3 
0 
-5 
-7 
-4 
-1 
1 
3 
1 
1 
0 
1 
2 
3 
3 
4 
3 
3 
4 
3 
4 
4 
4 
4 
4 
4 
4 
5 
5 
5 
5 
5 
6 
5 
5 
5 
6 
6 
6 
6 
9 
11 
11 
11 
11 
11 
11 
11 
11 
10 
11 
11 
11 
11 
11 
11 
12 
12 
12 
12 
12 
11 
11 
11 
13 
23 
36 
47 
53 
52 
54 
55 
52 
45 
27 
9 
-1 
-8 
-10 
-12 
-9 
-5 
-2 
1 
-2 
-16 
100 
273 
215 
141 
-52 
-116 
-105 
-72 
-41 
-20 
-9 
-3 
0 
3 
4 
58 
59 
64 
71 
75 
70 
58 
47 
38 
27 
12 
3 
-3 
-2 
-2 
0 
3 
3 
2 
3 
0 
-5 
-7 
-4 
-5 
-4 
-2 
0 
1 
1 
2 
2 
3 
3 
3 
4 
4 
4 
4 
4 
4 
4 
4 
4 
4 
4 
5 
5 
5 
5 
6 
6 
5 
5 
5 
5 
9 
10 
11 
11 
