19 
-82 
-141 
-92 
58 
143 
169 
165 
152 
140 
133 
65 
64 
61 
59 
55 
51 
44 
37 
33 
36 
45 
53 
62 
74 
90 
102 
109 
113 
116 
118 
118 
121 
122 
124 
128 
133 
136 
136 
135 
133 
133 
132 
131 
131 
130 
130 
130 
130 
130 
129 
129 
129 
128 
128 
128 
128 
125 
123 
123 
123 
123 
123 
123 
123 
123 
122 
122 
122 
121 
122 
121 
121 
121 
121 
121 
121 
121 
121 
121 
120 
120 
120 
120 
120 
120 
120 
120 
120 
123 
124 
124 
123 
123 
123 
123 
123 
121 
114 
103 
92 
83 
78 
75 
71 
68 
69 
81 
93 
104 
114 
121 
127 
130 
130 
128 
127 
127 
136 
123 
14 
-88 
-147 
-91 
61 
145 
169 
165 
152 
141 
133 
66 
64 
61 
59 
56 
52 
46 
39 
33 
35 
43 
55 
64 
76 
89 
99 
108 
112 
116 
118 
118 
120 
122 
124 
127 
132 
135 
136 
135 
134 
133 
132 
132 
131 
131 
130 
130 
129 
129 
129 
129 
129 
129 
125 
123 
123 
123 
123 
123 
123 
123 
123 
123 
123 
123 
123 
122 
122 
122 
122 
122 
121 
121 
121 
121 
121 
121 
121 
121 
120 
121 
120 
120 
120 
120 
123 
124 
124 
124 
123 
123 
123 
123 
123 
123 
122 
122 
118 
109 
97 
87 
81 
76 
73 
69 
67 
74 
86 
99 
109 
118 
124 
129 
129 
129 
127 
126 
126 
135 
73 
-62 
-121 
-151 
-4 
114 
163 
170 
158 
145 
137 
131 
128 
125 
124 
119 
109 
99 
90 
81 
73 
67 
65 
62 
60 
57 
54 
48 
41 
38 
38 
44 
53 
61 
70 
84 
96 
106 
111 
114 
117 
118 
120 
122 
123 
127 
131 
135 
136 
135 
134 
133 
132 
131 
131 
130 
130 
130 
130 
129 
129 
126 
124 
124 
124 
124 
124 
124 
124 
123 
123 
123 
123 
123 
122 
122 
122 
122 
122 
122 
122 
122 
122 
122 
122 
122 
122 
121 
121 
121 
121 
121 
120 
124 
124 
124 
124 
124 
124 
123 
123 
123 
123 
123 
123 
122 
122 
121 
113 
103 
91 
82 
78 
74 
70 
67 
70 
80 
93 
104 
114 
121 
127 
129 
130 
125 
122 
122 
133 
115 
0 
-92 
-149 
-80 
69 
148 
170 
165 
151 
140 
133 
66 
65 
61 
59 
56 
55 
50 
43 
38 
39 
47 
55 
64 
76 
89 
100 
108 
112 
116 
118 
117 
120 
122 
124 
127 
132 
135 
136 
135 
134 
133 
132 
131 
131 
130 
130 
130 
126 
125 
125 
125 
125 
125 
124 
124 
124 
124 
124 
123 
123 
123 
123 
123 
123 
122 
122 
122 
122 
122 
122 
122 
122 
121 
121 
121 
121 
121 
121 
121 
124 
125 
125 
124 
124 
124 
124 
124 
123 
123 
123 
123 
123 
123 
123 
122 
122 
122 
117 
108 
96 
86 
80 
76 
73 
69 
67 
75 
88 
100 
110 
119 
121 
124 
125 
124 
123 
122 
126 
135 
64 
-66 
-127 
-143 
11 
123 
166 
170 
157 
144 
136 
130 
127 
125 
124 
115 
106 
96 
86 
78 
70 
66 
65 
65 
64 
61 
56 
50 
42 
37 
39 
47 
55 
64 
76 
89 
100 
108 
112 
116 
117 
117 
120 
121 
124 
127 
132 
135 
135 
135 
134 
133 
132 
131 
131 
127 
125 
125 
125 
125 
125 
125 
125 
125 
125 
124 
124 
124 
124 
124 
123 
123 
123 
123 
123 
123 
123 
123 
122 
122 
122 
122 
122 
122 
122 
122 
121 
124 
125 
125 
125 
125 
125 
125 
124 
124 
124 
124 
124 
123 
123 
123 
123 
123 
123 
122 
123 
122 
120 
112 
100 
89 
81 
77 
73 
69 
67 
73 
86 
95 
104 
113 
119 
124 
126 
125 
123 
122 
125 
136 
77 
-60 
-119 
-152 
-8 
112 
163 
170 
159 
146 
137 
131 
128 
126 
125 
119 
110 
100 
90 
81 
77 
72 
70 
67 
65 
61 
57 
52 
45 
39 
38 
44 
52 
61 
71 
85 
96 
106 
111 
114 
117 
117 
119 
121 
122 
126 
130 
134 
135 
135 
134 
133 
128 
127 
126 
126 
126 
126 
126 
125 
125 
125 
125 
125 
124 
124 
124 
124 
124 
124 
124 
123 
123 
123 
123 
123 
123 
122 
122 
122 
122 
122 
122 
122 
125 
126 
126 
125 
125 
125 
125 
125 
125 
124 
124 
124 
124 
124 
123 
123 
123 
123 
123 
123 
123 
122 
122 
122 
121 
115 
105 
93 
83 
79 
75 
71 
64 
64 
74 
89 
101 
111 
118 
123 
126 
125 
124 
123 
124 
136 
73 
-63 
-125 
-145 
8 
121 
165 
169 
157 
145 
136 
131 
128 
126 
124 
61 
58 
52 
45 
39 
37 
43 
51 
60 
70 
84 
96 
105 
111 
114 
117 
117 
119 
121 
