125 
125 
125 
124 
125 
124 
124 
128 
128 
128 
128 
128 
127 
127 
127 
127 
127 
126 
126 
126 
126 
125 
125 
125 
125 
125 
125 
125 
124 
124 
124 
124 
124 
123 
123 
123 
122 
121 
114 
101 
89 
79 
75 
70 
67 
63 
64 
74 
86 
98 
108 
116 
121 
125 
125 
124 
123 
122 
130 
127 
31 
-79 
-139 
-115 
43 
137 
169 
167 
154 
142 
138 
134 
132 
129 
127 
118 
108 
99 
89 
81 
74 
69 
68 
65 
62 
59 
55 
49 
42 
37 
40 
48 
56 
65 
77 
90 
101 
108 
112 
116 
117 
117 
116 
117 
119 
123 
128 
131 
131 
131 
130 
128 
127 
127 
127 
126 
126 
126 
125 
125 
125 
125 
125 
125 
125 
124 
124 
124 
124 
123 
123 
123 
123 
123 
126 
127 
127 
127 
127 
127 
126 
126 
126 
126 
126 
125 
125 
125 
125 
125 
124 
124 
124 
124 
124 
124 
124 
123 
123 
123 
123 
123 
123 
123 
123 
122 
119 
117 
110 
99 
88 
79 
75 
70 
67 
63 
65 
75 
88 
100 
109 
116 
122 
125 
125 
124 
123 
122 
131 
123 
20 
-84 
-143 
-102 
53 
142 
169 
170 
157 
146 
138 
134 
131 
129 
127 
119 
109 
99 
90 
82 
74 
70 
68 
65 
63 
60 
55 
49 
42 
37 
39 
47 
55 
64 
76 
89 
100 
108 
112 
112 
112 
112 
115 
117 
119 
123 
128 
131 
131 
130 
129 
128 
128 
127 
127 
127 
126 
126 
126 
125 
125 
125 
125 
124 
124 
124 
124 
124 
124 
124 
123 
127 
128 
128 
127 
127 
127 
127 
127 
126 
126 
126 
126 
126 
125 
125 
125 
125 
125 
125 
124 
125 
124 
124 
124 
124 
124 
123 
123 
123 
123 
123 
123 
119 
118 
118 
118 
118 
114 
105 
92 
82 
76 
72 
68 
64 
63 
71 
84 
96 
106 
115 
121 
125 
126 
125 
124 
122 
126 
134 
62 
-67 
-127 
-143 
14 
127 
170 
174 
162 
149 
140 
71 
69 
66 
64 
61 
58 
52 
46 
39 
37 
43 
52 
60 
70 
83 
92 
100 
105 
109 
112 
113 
114 
117 
118 
122 
126 
130 
131 
131 
130 
129 
128 
127 
127 
127 
126 
126 
126 
126 
125 
125 
125 
125 
125 
124 
124 
124 
128 
128 
128 
128 
128 
128 
127 
127 
126 
126 
126 
126 
126 
126 
126 
126 
126 
125 
125 
125 
125 
124 
124 
124 
124 
124 
124 
123 
123 
123 
123 
123 
119 
118 
118 
118 
118 
118 
118 
118 
117 
111 
102 
90 
80 
75 
71 
67 
64 
65 
76 
89 
100 
110 
117 
123 
126 
126 
124 
123 
123 
135 
112 
-4 
-91 
-146 
-67 
80 
155 
175 
168 
154 
144 
137 
132 
130 
129 
61 
58 
54 
47 
40 
37 
41 
50 
55 
62 
76 
88 
98 
105 
109 
112 
113 
114 
116 
118 
121 
125 
129 
132 
131 
130 
129 
128 
127 
127 
127 
126 
126 
126 
126 
125 
125 
125 
125 
125 
128 
129 
129 
129 
129 
128 
128 
128 
127 
127 
127 
127 
127 
126 
126 
126 
126 
125 
125 
125 
125 
125 
124 
124 
124 
124 
124 
124 
123 
123 
123 
123 
120 
119 
118 
119 
119 
118 
118 
118 
118 
118 
118 
118 
113 
104 
93 
82 
76 
72 
69 
64 
63 
70 
83 
95 
105 
114 
120 
125 
126 
125 
123 
126 
132 
136 
47 
-72 
-134 
-111 
49 
143 
173 
171 
158 
146 
138 
69 
68 
65 
63 
59 
55 
49 
41 
34 
34 
42 
51 
60 
72 
85 
95 
104 
107 
112 
113 
113 
116 
117 
120 
124 
128 
131 
131 
131 
130 
129 
128 
127 
127 
127 
126 
126 
126 
126 
125 
129 
130 
129 
129 
129 
129 
129 
128 
128 
128 
127 
127 
127 
127 
127 
127 
127 
127 
126 
126 
126 
125 
125 
125 
125 
125 
125 
125 
125 
124 
124 
124 
120 
119 
119 
119 
119 
119 
119 
118 
118 
118 
118 
118 
118 
118 
118 
112 
103 
92 
81 
76 
72 
68 
64 
64 
72 
85 
97 
107 
115 
121 
125 
129 
129 
128 
127 
132 
137 
57 
-67 
-127 
-130 
29 
136 
172 
172 
158 
146 
138 
133 
130 
129 
124 
115 
105 
96 
87 
78 
72 
69 
66 
64 
61 
58 
49 
41 
34 
32 
38 
47 
55 
65 
79 
91 
100 
106 
110 
113 
113 
115 
117 
118 
123 
127 
131 
132 
131 
130 
129 
128 
128 
127 
127 
126 
126 
126 
129 
130 
130 
130 
130 
129 
129 
129 
129 
128 
128 
128 
128 
127 
127 
127 
127 
126 
127 
126 
126 
126 
126 
125 
125 
125 
125 
125 
125 
124 
124 
124 
121 
120 
119 
119 
119 
119 
119 
119 
119 
