-62 
58 
80 
-19 
-112 
-162 
-180 
-182 
-177 
-174 
-123 
-120 
-116 
-114 
-110 
-107 
-102 
-97 
-91 
-89 
-91 
-96 
-101 
-108 
-125 
-137 
-145 
-151 
-155 
-159 
-161 
-163 
-166 
-167 
-170 
-174 
-178 
-180 
-180 
-180 
-180 
-180 
-179 
-179 
-179 
-178 
-178 
-178 
-178 
-178 
-178 
-177 
-177 
-177 
-177 
-177 
-170 
-167 
-167 
-167 
-167 
-168 
-168 
-168 
-167 
-167 
-167 
-167 
-166 
-166 
-166 
-166 
-166 
-166 
-166 
-166 
-166 
-166 
-166 
-165 
-165 
-165 
-165 
-165 
-165 
-165 
-165 
-165 
-172 
-174 
-174 
-173 
-173 
-172 
-172 
-172 
-172 
-169 
-163 
-155 
-147 
-140 
-136 
-132 
-128 
-125 
-128 
-134 
-142 
-150 
-158 
-164 
-169 
-172 
-173 
-173 
-173 
-174 
-182 
-151 
-51 
71 
87 
-20 
-115 
-164 
-181 
-182 
-178 
-174 
-124 
-120 
-117 
-114 
-111 
-108 
-103 
-98 
-92 
-89 
-90 
-102 
-109 
-116 
-125 
-134 
-143 
-149 
-154 
-158 
-161 
-163 
-165 
-167 
-170 
-173 
-177 
-179 
-180 
-180 
-180 
-180 
-180 
-179 
-179 
-179 
-179 
-178 
-178 
-178 
-178 
-177 
-177 
-170 
-167 
-167 
-167 
-167 
-167 
-167 
-168 
-168 
-168 
-168 
-167 
-167 
-167 
-167 
-167 
-167 
-167 
-166 
-166 
-166 
-166 
-166 
-166 
-166 
-166 
-165 
-166 
-165 
-165 
-165 
-165 
-172 
-174 
-174 
-173 
-173 
-173 
-172 
-172 
-172 
-172 
-171 
-171 
-171 
-166 
-159 
-151 
-143 
-138 
-134 
-130 
-126 
-125 
-130 
-138 
-147 
-155 
-161 
-167 
-170 
-172 
-172 
-172 
-166 
-170 
-164 
-99 
16 
100 
34 
-76 
-146 
-176 
-183 
-180 
-176 
-172 
-171 
-169 
-168 
-167 
-162 
-155 
-148 
-140 
-133 
-126 
-121 
-118 
-115 
-112 
-109 
-105 
-100 
-101 
-98 
-98 
-102 
-107 
-112 
-121 
-131 
-140 
-148 
-152 
-157 
-160 
-162 
-165 
-167 
-169 
-172 
-177 
-179 
-180 
-180 
-180 
-179 
-179 
-179 
-179 
-179 
-178 
-178 
-178 
-178 
-171 
-168 
-168 
-168 
-168 
-168 
-168 
-168 
-168 
-168 
-168 
-168 
-168 
-167 
-167 
-167 
-167 
-167 
-167 
-167 
-167 
-167 
-167 
-167 
-167 
-167 
-166 
-166 
-166 
-166 
-166 
-165 
-173 
-174 
-174 
-174 
-173 
-173 
-173 
-173 
-172 
-172 
-172 
-172 
-172 
-172 
-171 
-169 
-163 
-155 
-146 
-140 
-135 
-131 
-127 
-125 
-127 
-134 
-142 
-151 
-158 
-164 
-169 
-172 
-166 
-164 
-163 
-166 
-173 
-138 
-42 
75 
80 
-28 
-120 
-166 
-182 
-182 
-177 
-174 
-124 
-121 
-117 
-114 
-111 
-115 
-113 
-107 
-101 
-97 
-99 
-103 
-109 
-115 
-125 
-134 
-143 
-149 
-154 
-158 
-160 
-162 
-165 
-167 
-170 
-173 
-177 
-179 
-180 
-180 
-180 
-180 
-179 
-179 
-179 
-179 
-178 
-171 
-169 
-169 
-169 
-169 
-169 
-169 
-169 
-168 
-168 
-168 
-168 
-168 
-168 
-168 
-168 
-168 
-167 
-167 
-167 
-167 
-167 
-167 
-167 
-167 
-166 
-166 
-166 
-166 
-166 
-166 
-166 
-173 
-175 
-175 
-174 
-174 
-174 
-173 
-173 
-173 
-172 
-172 
-172 
-172 
-172 
-172 
-171 
-171 
-171 
-170 
-166 
-159 
-150 
-143 
-138 
-134 
-129 
-125 
-125 
-131 
-139 
-147 
-155 
-154 
-157 
-161 
-163 
-164 
-164 
-165 
-172 
-162 
-92 
28 
100 
22 
-86 
-152 
-179 
-184 
-180 
-176 
-172 
-171 
-169 
-168 
-166 
-160 
-153 
-145 
-138 
-130 
-124 
-121 
-124 
-124 
-121 
-117 
-112 
-106 
-100 
-97 
-98 
-103 
-108 
-115 
-124 
-134 
-143 
-149 
-154 
-158 
-160 
-162 
-164 
-167 
-170 
-173 
-177 
-179 
-180 
-180 
-180 
-180 
-179 
-179 
-172 
-169 
-169 
-169 
-169 
-169 
-169 
-169 
-169 
-169 
-169 
-169 
-169 
-169 
-168 
-168 
-168 
-168 
-168 
-168 
-168 
-168 
-168 
-167 
-167 
-167 
-167 
-167 
-167 
-167 
-167 
-166 
-173 
-175 
-175 
-175 
-174 
-174 
-174 
-174 
-173 
-173 
-173 
-173 
-173 
-173 
-172 
-172 
-172 
-172 
-172 
-172 
-171 
-171 
-168 
-161 
-153 
-144 
-139 
-134 
-130 
-126 
-125 
-130 
-131 
-137 
-145 
-152 
-158 
-162 
-164 
-165 
-164 
-165 
-171 
-166 
-103 
12 
99 
37 
-74 
-145 
-176 
-184 
-181 
-176 
-173 
-171 
-170 
-169 
-167 
-163 
-156 
-148 
-141 
-140 
-136 
-131 
-127 
-124 
-121 
-117 
-113 
-108 
-102 
-98 
-97 
-101 
-106 
-112 
-121 
-131 
-140 
-147 
-152 
-156 
-159 
-161 
-164 
-165 
-168 
-171 
-175 
-178 
-180 
-180 
-180 
-172 
-170 
-169 
-169 
-170 
-170 
-170 
-170 
-169 
-169 
-170 
-169 
-169 
-169 
-169 
-169 
-169 
-169 
-168 
-168 
-168 
-168 
-168 
-168 
-168 
-167 
-167 
-167 
-167 
-167 
-167 
-167 
-173 
-176 
-176 
-175 
-175 
-174 
-174 
-174 
-174 
-173 
-173 
-173 
-173 
-173 
-172 
-172 
-172 
-172 
-172 
-172 
-172 
-171 
-171 
-171 
-171 
-169 
-164 
-156 
-147 
-141 
-136 
-132 
-121 
-116 
-117 
-125 
-134 
-143 
-151 
-157 
-162 
-164 
-165 
-165 
-165 
-171 
-165 
-98 
24 
100 
24 
-84 
-150 
-178 
-183 
-180 
-176 
-173 
-171 
-170 
-169 
-120 
-117 
-113 
-108 
-102 
-97 
-97 
-100 
-106 
-112 
-120 
-130 
-139 
-147 
-151 
-156 
-159 
-161 
