67 
72 
74 
78 
83 
84 
84 
86 
84 
81 
81 
85 
82 
82 
83 
86 
87 
87 
88 
88 
88 
88 
88 
89 
89 
89 
89 
89 
89 
89 
89 
89 
89 
88 
89 
89 
89 
89 
90 
90 
89 
89 
89 
89 
96 
98 
99 
99 
98 
98 
99 
99 
98 
98 
98 
98 
98 
98 
98 
98 
98 
98 
98 
97 
98 
98 
98 
98 
98 
97 
97 
98 
107 
117 
124 
127 
116 
112 
111 
111 
104 
89 
75 
69 
65 
65 
65 
69 
74 
79 
83 
85 
75 
84 
222 
299 
175 
41 
-78 
-62 
-13 
31 
61 
75 
82 
86 
88 
95 
103 
114 
120 
124 
127 
128 
128 
121 
120 
118 
118 
119 
121 
125 
126 
121 
109 
98 
91 
84 
73 
69 
67 
71 
75 
77 
83 
85 
84 
86 
84 
75 
72 
75 
79 
82 
84 
85 
87 
87 
88 
88 
88 
88 
88 
89 
89 
89 
89 
88 
89 
89 
89 
89 
89 
89 
90 
90 
89 
89 
90 
90 
90 
96 
98 
99 
98 
99 
98 
98 
98 
97 
98 
98 
98 
98 
98 
98 
98 
98 
98 
98 
98 
97 
97 
98 
99 
106 
115 
124 
127 
124 
122 
121 
119 
108 
90 
76 
69 
64 
63 
65 
67 
73 
78 
83 
84 
77 
76 
201 
312 
196 
84 
-67 
-73 
-28 
18 
53 
71 
80 
83 
87 
87 
89 
100 
108 
120 
126 
128 
129 
125 
120 
119 
117 
118 
120 
123 
126 
124 
112 
100 
93 
87 
76 
69 
68 
70 
74 
77 
81 
85 
84 
87 
85 
83 
81 
83 
87 
83 
84 
84 
86 
86 
87 
87 
88 
88 
88 
88 
88 
88 
88 
89 
89 
89 
88 
88 
89 
89 
89 
89 
89 
89 
89 
89 
90 
90 
90 
89 
90 
97 
99 
99 
99 
98 
99 
98 
98 
98 
98 
99 
98 
99 
98 
98 
98 
97 
97 
98 
98 
98 
97 
98 
98 
97 
98 
98 
105 
115 
123 
127 
123 
115 
112 
112 
106 
92 
78 
70 
65 
64 
65 
67 
73 
78 
83 
84 
78 
73 
189 
321 
207 
97 
-61 
-75 
-33 
14 
50 
70 
79 
84 
86 
87 
95 
119 
118 
121 
124 
126 
119 
107 
97 
91 
83 
72 
68 
67 
72 
74 
78 
83 
84 
84 
87 
84 
72 
73 
78 
81 
84 
85 
86 
87 
88 
88 
89 
89 
89 
89 
89 
90 
90 
89 
89 
89 
89 
89 
89 
89 
89 
89 
90 
89 
89 
90 
90 
90 
97 
99 
99 
99 
98 
98 
98 
98 
97 
98 
98 
98 
98 
98 
98 
98 
98 
98 
98 
98 
97 
98 
98 
98 
98 
98 
97 
97 
97 
98 
104 
113 
115 
117 
115 
113 
112 
112 
108 
96 
81 
71 
66 
64 
65 
67 
72 
78 
82 
85 
81 
66 
158 
329 
231 
120 
-44 
-80 
-40 
8 
46 
67 
78 
91 
96 
97 
97 
104 
115 
121 
124 
127 
128 
126 
121 
119 
117 
118 
118 
122 
124 
126 
118 
106 
96 
90 
82 
72 
69 
68 
73 
75 
79 
83 
84 
78 
76 
74 
72 
74 
77 
81 
84 
86 
86 
87 
88 
88 
89 
89 
88 
88 
88 
89 
89 
89 
90 
89 
89 
89 
89 
89 
90 
89 
89 
90 
90 
97 
99 
99 
98 
99 
99 
98 
98 
98 
97 
97 
98 
98 
98 
98 
97 
98 
98 
98 
98 
98 
98 
97 
98 
97 
98 
98 
98 
97 
97 
97 
97 
91 
95 
105 
114 
118 
115 
115 
112 
113 
107 
94 
79 
71 
66 
64 
66 
67 
73 
78 
82 
85 
80 
71 
178 
325 
212 
104 
-57 
-77 
-33 
13 
57 
79 
89 
92 
95 
96 
97 
106 
115 
121 
124 
127 
128 
126 
120 
119 
116 
118 
119 
122 
124 
126 
118 
105 
96 
89 
81 
72 
68 
67 
72 
74 
71 
74 
75 
75 
78 
76 
73 
73 
77 
80 
83 
85 
85 
87 
88 
88 
89 
89 
88 
89 
89 
89 
88 
88 
89 
89 
89 
89 
89 
89 
89 
89 
96 
98 
99 
99 
98 
98 
97 
97 
98 
98 
98 
97 
97 
97 
97 
98 
98 
97 
98 
97 
97 
98 
98 
97 
97 
97 
97 
98 
98 
98 
98 
97 
90 
88 
88 
89 
92 
103 
112 
118 
118 
114 
113 
114 
111 
99 
83 
72 
67 
65 
66 
66 
71 
77 
81 
85 
83 
64 
131 
298 
255 
137 
-20 
-75 
-41 
8 
48 
73 
85 
91 
94 
95 
96 
103 
112 
119 
123 
126 
127 
127 
121 
120 
117 
117 
118 
120 
123 
126 
121 
108 
98 
91 
83 
72 
68 
60 
61 
65 
67 
74 
75 
76 
77 
76 
73 
73 
77 
80 
83 
85 
86 
87 
88 
