-129 
-130 
-130 
-130 
-130 
-129 
-129 
-129 
-129 
-129 
-130 
-129 
-129 
-129 
-129 
-136 
-138 
-138 
-137 
-138 
-138 
-137 
-137 
-137 
-136 
-136 
-136 
-136 
-136 
-136 
-135 
-136 
-136 
-136 
-136 
-136 
-136 
-135 
-135 
-135 
-135 
-135 
-135 
-134 
-134 
-134 
-134 
-128 
-128 
-131 
-132 
-130 
-125 
-123 
-119 
-117 
-112 
-106 
-101 
-101 
-102 
-105 
-110 
-113 
-118 
-121 
-124 
-125 
-123 
-122 
-172 
-214 
-98 
-2 
45 
0 
-57 
-95 
-124 
-135 
-138 
-137 
-138 
-137 
-137 
-141 
-143 
-143 
-140 
-138 
-135 
-130 
-125 
-123 
-119 
-119 
-118 
-117 
-115 
-114 
-107 
-100 
-98 
-97 
-96 
-96 
-99 
-103 
-109 
-113 
-110 
-112 
-114 
-115 
-118 
-118 
-118 
-120 
-124 
-126 
-128 
-129 
-128 
-129 
-130 
-130 
-130 
-130 
-129 
-130 
-130 
-130 
-129 
-129 
-129 
-129 
-129 
-129 
-129 
-129 
-129 
-129 
-136 
-138 
-138 
-138 
-137 
-137 
-136 
-136 
-137 
-137 
-137 
-136 
-136 
-136 
-136 
-136 
-136 
-135 
-136 
-135 
-135 
-136 
-136 
-135 
-135 
-135 
-135 
-135 
-135 
-135 
-135 
-134 
-127 
-125 
-125 
-126 
-127 
-131 
-133 
-132 
-128 
-123 
-120 
-119 
-115 
-108 
-102 
-100 
-102 
-105 
-109 
-112 
-116 
-121 
-123 
-125 
-124 
-116 
-152 
-214 
-141 
-26 
45 
12 
-49 
-94 
-120 
-132 
-136 
-137 
-137 
-137 
-137 
-140 
-142 
-142 
-140 
-138 
-135 
-131 
-126 
-124 
-120 
-119 
-117 
-116 
-115 
-114 
-109 
-102 
-99 
-98 
-97 
-95 
-98 
-96 
-99 
-104 
-107 
-112 
-114 
-116 
-117 
-118 
-118 
-120 
-124 
-126 
-128 
-129 
-129 
-129 
-130 
-130 
-130 
-130 
-129 
-129 
-130 
-130 
-130 
-130 
-130 
-129 
-130 
-129 
-129 
-136 
-138 
-138 
-138 
-138 
-138 
-137 
-137 
-137 
-137 
-136 
-136 
-137 
-137 
-136 
-136 
-136 
-136 
-136 
-136 
-136 
-135 
-135 
-135 
-136 
-136 
-135 
-135 
-135 
-134 
-135 
-139 
-134 
-132 
-128 
-123 
-120 
-118 
-115 
-110 
-102 
-100 
-100 
-103 
-107 
-110 
-115 
-119 
-122 
-125 
-125 
-119 
-134 
-195 
-180 
-58 
28 
36 
-20 
-71 
-104 
-121 
-126 
-135 
-137 
-138 
-138 
-138 
-141 
-142 
-141 
-139 
-136 
-133 
-127 
-124 
-122 
-119 
-118 
-117 
-116 
-115 
-111 
-104 
-99 
-98 
-97 
-97 
-97 
-102 
-106 
-112 
-115 
-120 
-123 
-116 
-116 
-116 
-117 
-118 
-122 
-125 
-127 
-128 
-128 
-129 
-129 
-130 
-130 
-130 
-129 
-130 
-130 
-130 
-130 
-129 
-129 
-129 
-129 
-129 
-129 
-128 
-129 
-129 
-129 
-129 
-129 
-136 
-138 
-138 
-138 
-137 
-137 
-137 
-137 
-137 
-137 
-137 
-136 
-136 
-136 
-136 
-136 
-135 
-135 
-137 
-135 
-136 
-136 
-136 
-135 
-135 
-135 
-135 
-135 
-135 
-135 
-135 
-134 
-127 
-126 
-130 
-132 
-131 
-128 
-123 
-120 
-118 
-115 
-110 
-103 
-100 
-101 
-104 
-107 
-110 
-115 
-119 
-123 
-124 
-124 
-118 
-138 
-200 
-171 
-50 
33 
32 
-25 
-75 
-113 
-131 
-136 
-138 
-138 
-138 
-138 
-137 
-142 
-142 
-141 
-139 
-136 
-133 
-128 
-124 
-122 
-120 
-119 
-117 
-117 
-115 
-111 
-104 
-99 
-98 
-98 
-95 
-97 
-101 
-105 
-112 
-108 
-110 
-113 
-114 
-117 
-118 
-118 
-119 
-121 
-125 
-126 
-127 
-128 
-130 
-129 
-130 
-130 
-130 
-129 
-129 
-130 
-130 
-130 
-130 
-129 
-129 
-129 
-129 
-129 
-129 
-130 
-129 
-137 
-139 
-139 
-138 
-138 
-137 
-137 
-137 
-136 
-136 
-137 
-137 
-137 
-136 
-136 
-136 
-136 
-136 
-136 
-135 
-136 
-136 
-136 
-136 
-136 
-136 
-135 
-135 
-135 
-135 
-135 
-135 
-127 
-125 
-125 
-126 
-126 
-129 
-132 
-133 
-131 
-125 
-123 
-119 
-117 
-112 
-104 
-101 
-101 
-102 
-106 
-110 
-114 
-119 
-122 
-124 
-125 
-121 
-125 
-181 
-202 
-85 
7 
37 
-17 
-71 
-108 
-128 
-135 
-136 
-130 
-125 
-123 
-120 
-119 
-117 
-117 
-116 
-114 
-108 
-102 
-98 
-98 
-97 
-96 
-91 
-93 
-100 
-104 
-108 
-112 
-114 
-116 
-118 
-118 
-118 
-120 
-124 
-126 
-128 
-129 
-130 
-129 
-130 
-130 
-130 
-129 
-129 
-129 
-130 
-130 
-130 
-130 
-130 
-129 
-129 
-129 
-136 
-139 
-139 
-138 
-138 
-138 
-137 
-137 
-136 
-136 
-136 
-138 
-137 
-137 
-137 
-137 
-137 
-136 
-136 
-136 
-136 
-135 
-135 
-135 
-135 
-135 
-136 
-135 
-135 
-135 
-135 
-135 
-128 
-125 
-125 
-126 
-126 
-126 
-125 
-126 
-127 
-130 
-132 
-132 
-130 
-124 
-121 
-119 
-116 
-110 
-103 
-100 
-101 
-104 
-108 
-111 
-116 
-120 
-123 
-125 
-124 
-117 
-147 
-217 
-158 
-41 
33 
14 
-45 
-91 
-119 
-131 
-135 
-136 
-136 
-137 
-137 
-119 
-117 
-117 
-116 
-114 
-110 
-103 
-99 
-91 
-88 
-86 
-89 
-94 
-99 
-104 
-108 
-112 
-114 
-115 
-118 
-118 
-118 
-120 
-123 
-125 
-128 
-129 
-130 
-129 
-129 
-130 
-129 
-129 
-129 
-129 
-130 
-130 
-130 
-130 
-130 
-137 
-138 
-138 
-138 
-138 
-138 
-138 
-138 
-137 
-137 
-137 
-137 
-137 
-136 
-136 
-137 
-137 
-136 
-136 
-136 
-136 
-136 
-135 
-135 
-135 
-135 
-135 
-135 
-135 
-135 
-135 
-135 
-128 
-126 
-125 
-126 
-126 
-126 
-126 
-126 
-126 
-126 
-126 
-126 
-130 
-131 
-134 
-131 
-125 
-122 
-119 
-117 
-112 
-105 
-100 
-100 
-102 
-105 
-110 
-114 
-119 
-122 
-124 
-132 
-130 
-139 
-200 
-195 
-71 
18 
27 
-31 
-82 
-113 
-130 
-135 
-136 
-127 
-124 
-121 
-119 
-118 
-117 
-116 
-114 
-104 
-94 
-89 
-89 
-89 
-87 
-89 
-92 
-97 
-103 
-107 
-112 
-115 
-115 
-117 
-118 
-119 
-119 
-122 
-125 
-127 
-128 
-129 
-130 
-129 
-130 
-130 
-130 
-130 
-130 
-131 
-130 
-137 
-139 
-139 
-138 
-138 
-138 
-138 
-137 
-138 
-138 
-137 
-137 
-137 
-137 
-137 
-137 
-137 
-137 
-136 
-137 
-137 
-136 
-136 
-136 
-136 
-136 
-136 
-136 
-136 
-135 
-135 
-135 
-129 
-127 
-126 
-126 
-126 
-127 
-126 
-126 
-126 
-126 
-126 
-126 
-126 
-126 
-127 
-131 
-132 
-133 
-130 
-125 
-122 
-119 
-117 
-112 
-105 
-101 
-101 
-103 
-107 
-110 
-115 
-126 
-132 
-134 
-134 
-131 
-136 
-195 
-203 
-84 
6 
32 
-23 
-77 
-112 
-129 
-135 
-136 
-137 
-137 
-137 
-140 
-142 
-141 
-140 
-138 
-135 
-131 
-126 
-123 
-120 
-119 
-117 
-109 
-107 
-105 
-99 
-92 
-90 
-89 
-90 
-88 
-91 
-95 
-101 
-105 
-109 
-113 
-115 
-116 
-119 
-119 
-119 
-121 
-125 
-127 
-129 
-129 
-130 
-130 
-130 
-130 
-130 
-130 
-130 
-138 
-140 
-139 
-139 
-139 
-138 
-138 
-138 
-138 
-138 
-138 
-138 
-138 
-137 
-137 
-137 
-137 
-136 
-137 
-136 
-136 
-137 
-137 
-136 
-136 
-136 
-136 
-136 
-136 
-135 
-135 
-135 
-128 
-126 
-126 
-127 
-127 
-127 
-127 
-127 
-127 
