77 
113 
268 
288 
166 
25 
-79 
-62 
-14 
29 
60 
73 
81 
115 
111 
110 
110 
109 
112 
115 
119 
115 
105 
92 
86 
78 
68 
69 
69 
71 
76 
77 
82 
86 
84 
87 
85 
84 
82 
84 
88 
90 
93 
94 
95 
95 
96 
97 
96 
96 
96 
96 
97 
97 
96 
97 
97 
97 
97 
90 
87 
88 
88 
88 
89 
89 
89 
88 
89 
89 
89 
89 
88 
89 
89 
89 
89 
89 
89 
89 
90 
90 
89 
89 
90 
90 
90 
90 
90 
90 
90 
98 
100 
100 
99 
99 
98 
98 
98 
101 
110 
119 
126 
127 
123 
122 
122 
120 
111 
94 
82 
75 
72 
74 
74 
78 
84 
89 
92 
92 
75 
117 
274 
278 
153 
9 
-83 
-60 
-11 
31 
60 
74 
81 
116 
111 
111 
109 
109 
112 
114 
118 
117 
107 
94 
94 
89 
80 
72 
69 
69 
74 
76 
80 
86 
85 
86 
86 
85 
81 
83 
86 
90 
92 
94 
95 
96 
96 
96 
97 
97 
97 
97 
97 
97 
96 
96 
90 
87 
87 
87 
87 
88 
88 
89 
89 
89 
89 
88 
88 
89 
90 
90 
90 
90 
89 
89 
89 
90 
89 
90 
90 
90 
89 
90 
89 
89 
90 
90 
97 
100 
99 
98 
99 
99 
98 
98 
98 
98 
97 
98 
106 
114 
123 
128 
124 
123 
121 
121 
117 
101 
87 
78 
75 
73 
74 
76 
81 
86 
90 
92 
80 
70 
181 
322 
211 
102 
-59 
-77 
-35 
12 
49 
69 
78 
82 
86 
87 
88 
96 
105 
111 
116 
117 
119 
118 
111 
111 
109 
110 
110 
113 
117 
125 
120 
107 
98 
91 
83 
73 
69 
68 
73 
75 
79 
84 
84 
86 
87 
84 
81 
83 
86 
90 
92 
94 
94 
95 
96 
97 
97 
96 
96 
97 
97 
90 
87 
87 
88 
88 
88 
88 
88 
89 
89 
89 
89 
89 
89 
89 
89 
89 
89 
89 
90 
90 
90 
90 
90 
90 
90 
90 
90 
90 
90 
90 
89 
98 
99 
99 
99 
98 
98 
99 
99 
98 
98 
98 
98 
99 
99 
100 
111 
120 
127 
127 
123 
121 
121 
119 
110 
93 
81 
75 
73 
73 
74 
79 
84 
82 
83 
82 
65 
115 
277 
269 
148 
0 
-82 
-56 
-8 
34 
61 
74 
81 
116 
112 
111 
109 
110 
119 
125 
127 
125 
115 
103 
95 
89 
78 
71 
68 
69 
74 
76 
80 
85 
84 
86 
86 
85 
81 
83 
86 
90 
92 
94 
95 
95 
96 
97 
97 
96 
89 
88 
88 
88 
88 
88 
89 
89 
88 
88 
88 
89 
89 
89 
89 
89 
89 
89 
89 
89 
89 
89 
89 
90 
90 
89 
89 
90 
90 
90 
90 
90 
97 
100 
100 
99 
99 
99 
98 
98 
99 
98 
98 
98 
98 
98 
98 
98 
98 
98 
106 
116 
125 
128 
125 
123 
122 
120 
115 
100 
86 
78 
74 
72 
66 
66 
72 
77 
82 
84 
78 
74 
195 
316 
199 
86 
-66 
-74 
-28 
18 
53 
71 
80 
83 
87 
87 
88 
101 
108 
114 
117 
119 
120 
116 
112 
118 
119 
120 
121 
124 
127 
125 
115 
102 
95 
88 
78 
70 
68 
69 
74 
76 
81 
85 
84 
85 
86 
85 
81 
83 
87 
90 
92 
94 
95 
95 
96 
89 
87 
87 
87 
88 
88 
88 
88 
88 
88 
89 
89 
89 
89 
88 
89 
89 
89 
89 
89 
90 
90 
90 
89 
89 
90 
90 
90 
90 
90 
90 
89 
97 
99 
99 
99 
98 
98 
98 
99 
98 
98 
98 
98 
99 
99 
98 
98 
98 
98 
99 
98 
97 
102 
111 
121 
127 
125 
123 
121 
121 
117 
103 
87 
72 
65 
63 
65 
67 
72 
78 
83 
84 
79 
70 
178 
326 
215 
106 
-57 
-77 
-36 
11 
49 
70 
78 
83 
86 
88 
88 
96 
106 
112 
116 
119 
126 
128 
122 
120 
118 
119 
119 
122 
125 
126 
119 
106 
97 
90 
82 
72 
69 
68 
72 
75 
78 
84 
84 
85 
86 
84 
81 
81 
85 
89 
91 
93 
87 
86 
85 
86 
87 
88 
88 
89 
88 
88 
89 
88 
89 
89 
89 
89 
89 
89 
88 
89 
89 
89 
89 
89 
90 
89 
89 
89 
90 
90 
90 
90 
96 
99 
99 
99 
99 
98 
98 
98 
98 
97 
98 
98 
98 
98 
97 
97 
98 
98 
98 
98 
98 
97 
97 
97 
99 
108 
118 
125 
127 
123 
122 
121 
113 
103 
86 
72 
66 
64 
66 
67 
72 
77 
81 
84 
81 
70 
183 
322 
203 
91 
-64 
-74 
-30 
17 
51 
70 
79 
84 
86 
88 
89 
118 
118 
121 
125 
126 
119 
107 
97 
91 
83 
72 
68 
