67 
65 
62 
60 
57 
54 
48 
41 
38 
38 
44 
53 
61 
70 
84 
96 
106 
111 
114 
117 
118 
120 
122 
123 
127 
131 
135 
136 
135 
134 
133 
132 
131 
131 
130 
130 
130 
130 
129 
129 
126 
124 
124 
124 
124 
124 
124 
124 
123 
123 
123 
123 
123 
122 
122 
122 
122 
122 
122 
122 
122 
122 
122 
122 
122 
122 
121 
121 
121 
121 
121 
120 
124 
124 
124 
124 
124 
124 
123 
123 
123 
123 
123 
123 
122 
122 
121 
113 
103 
91 
82 
78 
74 
70 
67 
70 
80 
93 
104 
114 
121 
127 
129 
130 
125 
122 
122 
133 
115 
0 
-92 
-149 
-80 
69 
148 
170 
165 
151 
140 
133 
66 
65 
61 
59 
56 
55 
50 
43 
38 
39 
47 
55 
64 
76 
89 
100 
108 
112 
116 
118 
117 
120 
122 
124 
127 
132 
135 
136 
135 
134 
133 
132 
131 
131 
130 
130 
130 
126 
125 
125 
125 
125 
125 
124 
124 
124 
124 
124 
123 
123 
123 
123 
123 
123 
122 
122 
122 
122 
122 
122 
122 
122 
121 
121 
121 
121 
121 
121 
121 
124 
125 
125 
124 
124 
124 
124 
124 
123 
123 
123 
123 
123 
123 
123 
122 
122 
122 
117 
108 
96 
86 
80 
76 
73 
69 
67 
75 
88 
100 
110 
119 
121 
124 
125 
124 
123 
122 
126 
135 
64 
-66 
-127 
-143 
11 
123 
166 
170 
157 
144 
136 
130 
127 
125 
124 
115 
106 
96 
86 
78 
70 
66 
65 
65 
64 
61 
56 
50 
42 
37 
39 
47 
55 
64 
76 
89 
100 
108 
112 
116 
117 
117 
120 
121 
124 
127 
132 
135 
135 
135 
134 
133 
132 
131 
131 
127 
125 
125 
125 
125 
125 
125 
125 
125 
125 
124 
124 
124 
124 
124 
123 
123 
123 
123 
123 
123 
123 
123 
122 
122 
122 
122 
122 
122 
122 
122 
121 
124 
125 
125 
125 
125 
125 
125 
124 
124 
124 
124 
124 
123 
123 
123 
123 
123 
123 
122 
123 
122 
120 
112 
100 
89 
81 
77 
73 
69 
67 
73 
86 
95 
104 
113 
119 
124 
126 
125 
123 
122 
125 
136 
77 
-60 
-119 
-152 
-8 
112 
163 
170 
159 
146 
137 
131 
128 
126 
125 
119 
110 
100 
90 
81 
77 
72 
70 
67 
65 
61 
57 
52 
45 
39 
38 
44 
52 
61 
71 
85 
96 
106 
111 
114 
117 
117 
119 
121 
122 
126 
130 
134 
135 
135 
134 
133 
128 
127 
126 
126 
126 
126 
126 
125 
125 
125 
125 
125 
124 
124 
124 
124 
124 
124 
124 
123 
123 
123 
123 
123 
123 
122 
122 
122 
122 
122 
122 
122 
125 
126 
126 
125 
125 
125 
125 
125 
125 
124 
124 
124 
124 
124 
123 
123 
123 
123 
123 
123 
123 
122 
122 
122 
121 
115 
105 
93 
83 
79 
75 
71 
64 
64 
74 
89 
101 
111 
118 
123 
126 
125 
124 
123 
124 
136 
73 
-63 
-125 
-145 
8 
121 
165 
169 
157 
145 
136 
131 
128 
126 
124 
61 
58 
52 
45 
39 
37 
43 
51 
60 
70 
84 
96 
105 
111 
114 
117 
117 
119 
121 
122 
126 
130 
134 
135 
132 
130 
128 
128 
127 
127 
127 
127 
126 
126 
126 
125 
125 
125 
124 
124 
124 
124 
124 
124 
124 
124 
123 
123 
123 
123 
123 
123 
122 
122 
122 
122 
126 
127 
126 
126 
126 
126 
125 
125 
125 
125 
125 
124 
124 
124 
124 
124 
124 
124 
123 
123 
123 
123 
123 
123 
123 
122 
122 
122 
115 
106 
95 
84 
76 
71 
67 
63 
64 
72 
85 
97 
107 
115 
121 
125 
126 
124 
123 
122 
128 
132 
45 
-76 
-138 
-114 
48 
141 
169 
166 
152 
141 
134 
129 
126 
128 
125 
116 
106 
96 
87 
79 
72 
69 
67 
65 
62 
58 
53 
46 
40 
37 
42 
51 
59 
69 
82 
94 
104 
110 
113 
116 
117 
118 
121 
122 
126 
126 
129 
131 
130 
130 
129 
128 
127 
127 
127 
126 
126 
126 
126 
125 
125 
125 
124 
125 
124 
124 
124 
124 
124 
124 
124 
124 
123 
123 
123 
123 
123 
126 
127 
127 
127 
126 
126 
126 
125 
125 
125 
125 
125 
125 
125 
125 
124 
124 
124 
124 
124 
123 
122 
122 
121 
117 
107 
96 
85 
80 
76 
72 
68 
64 
71 
83 
95 
106 
114 
120 
124 
125 
125 
123 
122 
126 
134 
60 
-68 
-128 
-142 
12 
123 
166 
169 
156 
144 
136 
130 
127 
125 
123 
116 
106 
100 
92 
83 
75 
70 
69 
65 
63 
60 
56 
49 
42 
37 
40 
48 
56 
65 
78 
91 
102 
109 
113 
116 
117 
117 
120 
121 
124 
128 
133 
135 
135 
131 
129 
128 
127 
127 
126 
126 
126 
126 
126 
125 
125 
125 
125 
124 
124 
124 
124 
124 
123 
123 
123 
123 
123 
123 
122 
122 
123 
123 
123 
122 
122 
125 
126 
126 
126 
126 
125 
125 
125 
125 
125 
124 
124 
124 
124 
124 
124 
123 
123 
123 
123 
123 
122 
123 
123 
122 
122 
122 
117 
108 
97 
86 
80 
72 
68 
64 
63 
70 
83 
95 
105 
114 
120 
124 
125 
125 
123 
122 
126 
135 
69 
-63 
-123 
-148 
0 
117 
164 
170 
158 
146 
136 
131 
128 
125 
127 
61 
58 
52 
46 
39 
37 
42 
51 
59 
69 
83 
95 
104 
110 
114 
117 
117 
119 
121 
122 
126 
128 
130 
131 
130 
129 
128 
128 
127 
127 
127 
126 
126 
125 
125 
125 
125 
125 
124 
124 
124 
124 
124 
124 
123 
124 
123 
124 
123 
123 
123 
123 
123 
126 
126 
126 
126 
126 
126 
126 
125 
125 
125 
125 
125 
125 
125 
124 
124 
124 
124 
124 
124 
123 
123 
123 
123 
123 
123 
122 
122 
122 
122 
119 
110 
95 
83 
76 
72 
69 
65 
63 
68 
80 
93 
104 
113 
119 
124 
126 
125 
124 
122 
124 
137 
91 
-49 
-111 
-155 
-28 
103 
160 
171 
161 
147 
138 
135 
133 
130 
129 
125 
113 
103 
94 
85 
77 
71 
69 
66 
64 
61 
58 
52 
45 
39 
38 
44 
53 
61 
71 
85 
96 
106 
110 
114 
117 
117 
120 
118 
119 
122 
127 
131 
131 
131 
130 
129 
128 
127 
127 
127 
126 
126 
126 
126 
