88 
89 
89 
88 
88 
88 
89 
89 
89 
90 
89 
89 
89 
89 
89 
90 
89 
89 
90 
90 
97 
99 
99 
98 
99 
99 
98 
98 
98 
97 
97 
98 
98 
98 
98 
97 
98 
98 
98 
98 
98 
98 
97 
98 
97 
98 
98 
98 
97 
97 
97 
97 
91 
95 
105 
114 
118 
115 
115 
112 
113 
107 
94 
79 
71 
66 
64 
66 
67 
73 
78 
82 
85 
80 
71 
178 
325 
212 
104 
-57 
-77 
-33 
13 
57 
79 
89 
92 
95 
96 
97 
106 
115 
121 
124 
127 
128 
126 
120 
119 
116 
118 
119 
122 
124 
126 
118 
105 
96 
89 
81 
72 
68 
67 
72 
74 
71 
74 
75 
75 
78 
76 
73 
73 
77 
80 
83 
85 
85 
87 
88 
88 
89 
89 
88 
89 
89 
89 
88 
88 
89 
89 
89 
89 
89 
89 
89 
89 
96 
98 
99 
99 
98 
98 
97 
97 
98 
98 
98 
97 
97 
97 
97 
98 
98 
97 
98 
97 
97 
98 
98 
97 
97 
97 
97 
98 
98 
98 
98 
97 
90 
88 
88 
89 
92 
103 
112 
118 
118 
114 
113 
114 
111 
99 
83 
72 
67 
65 
66 
66 
71 
77 
81 
85 
83 
64 
131 
298 
255 
137 
-20 
-75 
-41 
8 
48 
73 
85 
91 
94 
95 
96 
103 
112 
119 
123 
126 
127 
127 
121 
120 
117 
117 
118 
120 
123 
126 
121 
108 
98 
91 
83 
72 
68 
60 
61 
65 
67 
74 
75 
76 
77 
76 
73 
73 
77 
80 
83 
85 
86 
87 
88 
89 
89 
89 
88 
88 
89 
89 
89 
90 
89 
89 
90 
89 
89 
96 
98 
98 
98 
98 
99 
98 
98 
98 
98 
97 
97 
98 
98 
97 
97 
97 
98 
98 
98 
98 
97 
97 
97 
98 
98 
97 
97 
97 
97 
99 
109 
111 
116 
118 
114 
113 
112 
111 
103 
86 
75 
68 
65 
65 
65 
69 
75 
79 
84 
85 
72 
94 
239 
293 
171 
40 
-77 
-65 
-18 
27 
58 
73 
88 
93 
96 
97 
99 
109 
117 
122 
125 
127 
128 
123 
119 
119 
117 
117 
120 
122 
126 
124 
112 
100 
93 
86 
77 
69 
68 
69 
74 
75 
81 
85 
77 
76 
75 
74 
72 
75 
79 
82 
84 
85 
87 
87 
88 
89 
89 
88 
89 
89 
89 
89 
88 
88 
88 
89 
89 
89 
88 
89 
89 
89 
89 
89 
97 
99 
99 
99 
98 
98 
98 
98 
98 
98 
98 
97 
98 
97 
98 
98 
97 
97 
99 
97 
98 
98 
98 
97 
97 
98 
98 
98 
98 
98 
98 
97 
90 
90 
100 
109 
116 
118 
114 
113 
112 
111 
103 
87 
74 
68 
65 
65 
65 
69 
75 
81 
83 
84 
70 
102 
254 
285 
162 
25 
-79 
-62 
-13 
37 
69 
84 
91 
94 
96 
97 
98 
109 
116 
121 
125 
126 
127 
124 
119 
119 
117 
118 
119 
123 
126 
123 
113 
101 
93 
87 
76 
69 
68 
68 
74 
69 
71 
75 
75 
77 
77 
75 
73 
74 
79 
81 
83 
85 
87 
87 
88 
88 
89 
88 
88 
89 
89 
89 
89 
89 
89 
89 
89 
89 
89 
90 
89 
97 
99 
100 
99 
99 
98 
98 
98 
97 
97 
98 
98 
98 
97 
97 
98 
98 
98 
98 
97 
98 
98 
98 
98 
98 
98 
97 
97 
97 
98 
98 
98 
90 
88 
88 
89 
89 
96 
106 
115 
119 
116 
115 
113 
113 
107 
91 
78 
70 
65 
64 
66 
68 
74 
79 
82 
85 
77 
77 
200 
314 
199 
86 
-59 
-63 
-19 
27 
62 
80 
88 
126 
120 
119 
117 
117 
118 
121 
124 
126 
119 
107 
96 
90 
82 
72 
60 
57 
63 
65 
69 
74 
75 
76 
78 
76 
73 
73 
77 
80 
83 
85 
87 
87 
88 
88 
89 
88 
88 
88 
89 
89 
89 
89 
90 
89 
89 
89 
96 
99 
99 
98 
98 
98 
98 
98 
97 
97 
97 
99 
98 
98 
98 
98 
98 
97 
97 
98 
98 
97 
97 
97 
97 
97 
98 
97 
97 
97 
97 
97 
91 
88 
88 
89 
89 
89 
88 
89 
91 
99 
108 
116 
119 
115 
114 
113 
112 
103 
86 
74 
67 
65 
65 
66 
70 
76 
81 
84 
83 
66 
121 
292 
272 
152 
1 
-72 
-44 
4 
46 
71 
84 
90 
93 
95 
96 
117 
117 
120 
123 
126 
122 
110 
98 
84 
75 
64 
59 
59 
62 
66 
69 
74 
76 
75 
78 
76 
74 
73 
76 
79 
83 
85 
87 
87 
87 
88 
88 
88 
88 
88 
89 
89 
89 
90 
90 
97 
98 
98 
98 
98 
98 
98 
98 
97 
98 
98 
98 
98 
97 
97 
98 
98 
97 
97 
97 
98 
98 
97 
97 
97 
97 
97 
97 
97 
97 
97 
97 
90 
88 
87 
88 
88 
89 
89 
89 
89 
89 
89 
89 
97 
105 
116 
119 
116 
114 
112 
113 
107 
93 
78 
70 
66 
64 
66 
68 
74 
79 
83 
92 
85 
94 
235 
308 
184 
50 
-69 
-54 
-7 
36 
67 
82 
89 
123 
120 
118 
116 
117 
119 
122 
125 
116 
103 
91 
84 
78 
68 
61 
59 
60 
65 
68 
73 
77 
76 
77 
77 
76 
73 
75 
79 
82 
84 
86 
87 
87 
88 
88 
89 
89 
89 
90 
89 
96 
98 
99 
98 
98 
98 
98 
97 
98 
98 
97 
97 
97 
98 
98 
98 
98 
98 
97 
98 
98 
97 
97 
97 
97 
97 
98 
98 
98 
97 
97 
97 
91 
89 
88 
88 
88 
89 
88 
89 
89 
89 
89 
89 
89 
89 
90 
99 
107 
116 
119 
116 
114 
113 
113 
106 
91 
77 
70 
66 
65 
66 
69 
81 
89 
93 
94 
86 
90 
222 
316 
197 
79 
-63 
-60 
-12 
34 
66 
82 
89 
93 
95 
96 
103 
112 
118 
122 
126 
127 
126 
121 
119 
117 
117 
118 
113 
115 
117 
111 
98 
88 
82 
76 
64 
60 
59 
63 
66 
69 
75 
76 
76 
79 
76 
73 
74 
78 
82 
85 
86 
87 
88 
88 
88 
89 
89 
89 
97 
99 
98 
98 
98 
98 
98 
98 
98 
98 
98 
98 
98 
97 
97 
98 
98 
97 
98 
97 
97 
98 
98 
97 
97 
97 
97 
98 
98 
97 
97 
97 
90 
88 
88 
89 
89 
89 
89 
89 
89 
