116 
117 
119 
118 
111 
111 
109 
110 
110 
113 
117 
125 
120 
107 
98 
91 
83 
73 
69 
68 
73 
75 
79 
84 
84 
86 
87 
84 
81 
83 
86 
90 
92 
94 
94 
95 
96 
97 
97 
96 
96 
97 
97 
90 
87 
87 
88 
88 
88 
88 
88 
89 
89 
89 
89 
89 
89 
89 
89 
89 
89 
89 
90 
90 
90 
90 
90 
90 
90 
90 
90 
90 
90 
90 
89 
98 
99 
99 
99 
98 
98 
99 
99 
98 
98 
98 
98 
99 
99 
100 
111 
120 
127 
127 
123 
121 
121 
119 
110 
93 
81 
75 
73 
73 
74 
79 
84 
82 
83 
82 
65 
115 
277 
269 
148 
0 
-82 
-56 
-8 
34 
61 
74 
81 
116 
112 
111 
109 
110 
119 
125 
127 
125 
115 
103 
95 
89 
78 
71 
68 
69 
74 
76 
80 
85 
84 
86 
86 
85 
81 
83 
86 
90 
92 
94 
95 
95 
96 
97 
97 
96 
89 
88 
88 
88 
88 
88 
89 
89 
88 
88 
88 
89 
89 
89 
89 
89 
89 
89 
89 
89 
89 
89 
89 
90 
90 
89 
89 
90 
90 
90 
90 
90 
97 
100 
100 
99 
99 
99 
98 
98 
99 
98 
98 
98 
98 
98 
98 
98 
98 
98 
106 
116 
125 
128 
125 
123 
122 
120 
115 
100 
86 
78 
74 
72 
66 
66 
72 
77 
82 
84 
78 
74 
195 
316 
199 
86 
-66 
-74 
-28 
18 
53 
71 
80 
83 
87 
87 
88 
101 
108 
114 
117 
119 
120 
116 
112 
118 
119 
120 
121 
124 
127 
125 
115 
102 
95 
88 
78 
70 
68 
69 
74 
76 
81 
85 
84 
85 
86 
85 
81 
83 
87 
90 
92 
94 
95 
95 
96 
89 
87 
87 
87 
88 
88 
88 
88 
88 
88 
89 
89 
89 
89 
88 
89 
89 
89 
89 
89 
90 
90 
90 
89 
89 
90 
90 
90 
90 
90 
90 
89 
97 
99 
99 
99 
98 
98 
98 
99 
98 
98 
98 
98 
99 
99 
98 
98 
98 
98 
99 
98 
97 
102 
111 
121 
127 
125 
123 
121 
121 
117 
103 
87 
72 
65 
63 
65 
67 
72 
78 
83 
84 
79 
70 
178 
326 
215 
106 
-57 
-77 
-36 
11 
49 
70 
78 
83 
86 
88 
88 
96 
106 
112 
116 
119 
126 
128 
122 
120 
118 
119 
119 
122 
125 
126 
119 
106 
97 
90 
82 
72 
69 
68 
72 
75 
78 
84 
84 
85 
86 
84 
81 
81 
85 
89 
91 
93 
87 
86 
85 
86 
87 
88 
88 
89 
88 
88 
89 
88 
89 
89 
89 
89 
89 
89 
88 
89 
89 
89 
89 
89 
90 
89 
89 
89 
90 
90 
90 
90 
96 
99 
99 
99 
99 
98 
98 
98 
98 
97 
98 
98 
98 
98 
97 
97 
98 
98 
98 
98 
98 
97 
97 
97 
99 
108 
118 
125 
127 
123 
122 
121 
113 
103 
86 
72 
66 
64 
66 
67 
72 
77 
81 
84 
81 
70 
183 
322 
203 
91 
-64 
-74 
-30 
17 
51 
70 
79 
84 
86 
88 
89 
118 
118 
121 
125 
126 
119 
107 
97 
91 
83 
72 
68 
67 
72 
74 
78 
83 
84 
84 
86 
84 
81 
81 
85 
82 
82 
83 
86 
87 
87 
88 
88 
88 
88 
88 
89 
89 
89 
89 
89 
89 
89 
89 
89 
89 
88 
89 
89 
89 
89 
90 
90 
89 
89 
89 
89 
96 
98 
99 
99 
98 
98 
99 
99 
98 
98 
98 
98 
98 
98 
98 
98 
98 
98 
98 
97 
98 
98 
98 
98 
98 
97 
97 
98 
107 
117 
124 
127 
116 
112 
111 
111 
104 
89 
75 
69 
65 
65 
65 
69 
74 
79 
83 
85 
75 
84 
222 
299 
175 
41 
-78 
-62 
-13 
31 
61 
75 
82 
86 
88 
95 
103 
114 
120 
124 
127 
128 
128 
121 
120 
118 
118 
119 
121 
125 
126 
121 
109 
98 
91 
84 
73 
69 
67 
71 
75 
77 
83 
85 
84 
86 
84 
75 
72 
75 
79 
82 
84 
85 
87 
87 
88 
88 
88 
88 
88 
89 
89 
89 
89 
88 
89 
89 
89 
89 
89 
89 
90 
90 
89 
89 
90 
90 
90 
96 
98 
99 
98 
99 
98 
98 
98 
97 
98 
98 
98 
98 
98 
98 
98 
98 
98 
98 
98 
97 
97 
98 
99 
106 
115 
124 
127 
124 
122 
121 
119 
108 
90 
76 
69 
64 
63 
65 
67 
73 
78 
83 
84 
77 
76 
201 
312 
196 
84 
-67 
-73 
-28 
18 
53 
71 
80 
83 
87 
87 
89 
100 
108 
120 
126 
128 
129 
125 
120 
119 
117 
118 
120 
123 
126 
124 
112 
100 
93 
87 
76 
69 
68 
70 
74 
77 
81 
85 
84 
87 
85 
83 
81 
83 
87 
83 
84 
84 
86 
86 
87 
87 
88 
88 
88 
88 
88 
88 
88 
89 
89 
89 
88 
88 
89 
89 
89 
89 
89 
89 
89 
89 
90 
90 
90 
89 
90 
97 
99 
99 
99 
98 
99 
98 
98 
98 
98 
99 
98 
99 
98 
98 
98 
97 
97 
98 
98 
98 
97 
98 
98 
97 
98 
98 
105 
115 
123 
127 
123 
115 
112 
112 
106 
92 
78 
70 
65 
64 
65 
67 
73 
78 
83 
84 
78 
73 
189 
321 
207 
97 
-61 
-75 
-33 
14 
50 
70 
79 
84 
86 
87 
95 
119 
118 
121 
124 
126 
119 
107 
97 
91 
83 
72 
68 
67 
72 
74 
78 
83 
84 
84 
87 
84 
72 
73 
78 
81 
84 
85 
86 
87 
88 
88 
89 
89 
89 
89 
89 
90 
90 
89 
89 
89 
89 
89 
89 
89 
89 
89 
90 
89 
89 
90 
90 
90 
97 
99 
99 
99 
98 
98 
98 
98 
97 
98 
98 
98 
98 
98 
98 
98 
98 
98 
98 
98 
97 
98 
98 
98 
98 
98 
97 
97 
97 
98 
104 
113 
115 
117 
115 
113 
112 
112 
108 
96 
81 
71 
66 
64 
65 
67 
72 
78 
82 
85 
81 
66 
158 
329 
231 
120 
-44 
-80 
-40 
8 
46 
67 
78 
91 
96 
97 
97 
104 
115 
121 
124 
127 
128 
126 
121 
119 
117 
118 
118 
122 
124 
126 
118 
106 
96 
90 
82 
72 
69 
68 
73 
75 
79 
83 
84 
78 
76 
74 
72 
74 
77 
81 
84 
86 
86 
87 
88 
