10 
9 
9 
10 
10 
10 
10 
10 
11 
11 
11 
11 
10 
10 
10 
11 
11 
11 
11 
11 
11 
13 
24 
32 
42 
49 
48 
49 
50 
51 
45 
27 
13 
2 
-6 
-10 
-12 
-11 
-7 
-3 
1 
2 
-11 
7 
163 
259 
198 
88 
-80 
-118 
-98 
-64 
-34 
-17 
-3 
2 
6 
8 
10 
22 
33 
42 
49 
54 
59 
57 
55 
56 
56 
58 
62 
67 
73 
74 
64 
51 
41 
32 
19 
6 
0 
-3 
-1 
-2 
2 
5 
-1 
-2 
-4 
-6 
-10 
-10 
-7 
-4 
-2 
-1 
1 
1 
2 
3 
3 
3 
4 
4 
4 
4 
3 
3 
3 
4 
4 
4 
4 
5 
5 
5 
5 
5 
9 
10 
10 
10 
10 
10 
10 
10 
10 
10 
10 
10 
11 
10 
11 
11 
10 
10 
12 
10 
11 
11 
11 
11 
11 
12 
12 
12 
12 
12 
12 
11 
8 
9 
20 
32 
43 
49 
48 
49 
50 
51 
44 
27 
11 
1 
-6 
-10 
-13 
-11 
-7 
-2 
0 
2 
-13 
15 
180 
256 
193 
70 
-86 
-118 
-95 
-58 
-27 
-10 
-1 
3 
6 
8 
10 
22 
32 
41 
48 
53 
58 
58 
55 
56 
56 
58 
61 
67 
73 
73 
65 
52 
42 
33 
19 
7 
1 
-3 
-1 
-5 
-3 
0 
-2 
-1 
-2 
-6 
-10 
-10 
-7 
-5 
-3 
-1 
1 
1 
2 
2 
3 
3 
3 
4 
4 
4 
4 
4 
4 
4 
4 
4 
4 
5 
5 
9 
10 
11 
10 
10 
10 
10 
10 
9 
9 
10 
10 
10 
10 
10 
11 
11 
11 
11 
10 
11 
11 
11 
11 
11 
11 
11 
11 
11 
12 
12 
12 
8 
7 
7 
7 
7 
15 
27 
40 
48 
49 
50 
50 
52 
48 
32 
16 
4 
-5 
-10 
-11 
-12 
-8 
-4 
-1 
2 
-6 
-10 
119 
269 
213 
136 
-51 
-111 
-100 
-67 
-35 
-15 
-4 
59 
55 
56 
55 
57 
59 
64 
70 
75 
70 
58 
46 
37 
26 
12 
-1 
-8 
-6 
-6 
-5 
-1 
-1 
-2 
-1 
-4 
-9 
-11 
-8 
-6 
-3 
-1 
1 
1 
2 
2 
3 
3 
3 
3 
4 
4 
4 
4 
5 
4 
4 
4 
8 
10 
10 
9 
9 
9 
10 
10 
9 
9 
9 
11 
10 
10 
10 
10 
10 
10 
10 
11 
11 
10 
10 
10 
10 
10 
11 
11 
11 
11 
11 
11 
8 
7 
7 
7 
7 
7 
7 
7 
9 
18 
30 
42 
49 
48 
50 
51 
52 
44 
26 
11 
0 
-7 
-10 
-12 
-11 
-6 
-2 
1 
0 
-18 
34 
221 
249 
187 
35 
-94 
-111 
-85 
-50 
-24 
-9 
-1 
3 
6 
7 
57 
58 
63 
68 
74 
73 
62 
48 
35 
25 
10 
0 
-5 
-6 
-5 
-5 
-1 
0 
-2 
-1 
-4 
-7 
-10 
-9 
-7 
-3 
-1 
1 
1 
1 
2 
3 
3 
3 
3 
4 
4 
4 
5 
5 
8 
9 
9 
9 
9 
9 
9 
9 
9 
10 
10 
10 
10 
9 
9 
10 
10 
10 
10 
10 
11 
11 
10 
10 
10 
10 
10 
10 
11 
11 
11 
11 
7 
6 
6 
6 
6 
7 
7 
7 
7 
7 
7 
7 
16 
26 
40 
48 
49 
49 
49 
52 
48 
34 
17 
5 
-3 
-9 
-11 
-12 
-8 
-4 
0 
6 
-3 
2 
152 
267 
205 
93 
-77 
-112 
-92 
-59 
-29 
-12 
-3 
57 
56 
56 
55 
58 
61 
67 
73 
70 
60 
47 
37 
28 
15 
3 
-4 
-7 
-5 
-5 
-2 
1 
-1 
-1 
-3 
-5 
-10 
-10 
-7 
-4 
-2 
0 
1 
1 
2 
2 
3 
3 
3 
4 
4 
7 
8 
9 
9 
9 
9 
9 
8 
9 
9 
9 
9 
9 
10 
10 
10 
10 
10 
9 
10 
10 
10 
10 
10 
10 
10 
11 
11 
11 
10 
10 
10 
8 
7 
6 
6 
6 
7 
6 
7 
7 
7 
7 
7 
7 
7 
8 
18 
28 
41 
48 
49 
49 
50 
52 
47 
32 
15 
4 
-4 
-9 
-11 
-11 
-4 
2 
5 
7 
-2 
-1 
138 
270 
212 
125 
-62 
-113 
-95 
-61 
-30 
-12 
-3 
3 
6 
7 
15 
26 
36 
43 
51 
56 
58 
56 
56 
55 
57 
59 
60 
65 
70 
67 
54 
42 
34 
24 
8 
-1 
-6 
-6 
-6 
-5 
-1 
-1 
-2 
0 
-5 
-9 
-10 
-8 
-4 
-2 
0 
1 
2 
2 
2 
3 
3 
3 
8 
9 
8 
8 
8 
9 
9 
9 
9 
9 
9 
9 
9 
9 
9 
10 
10 
9 
10 
9 
9 
10 
10 
10 
10 
10 
10 
11 
11 
10 
10 
10 
7 
6 
6 
7 
7 
7 
7 
7 
7 
