-170 
-170 
-170 
-170 
-170 
-169 
-169 
-169 
-169 
-169 
-169 
-168 
-168 
-168 
-168 
-175 
-177 
-177 
-176 
-176 
-176 
-175 
-175 
-175 
-174 
-174 
-174 
-174 
-174 
-174 
-173 
-174 
-173 
-173 
-173 
-173 
-173 
-172 
-172 
-172 
-172 
-172 
-172 
-171 
-171 
-171 
-171 
-164 
-161 
-157 
-150 
-142 
-134 
-130 
-125 
-121 
-117 
-117 
-122 
-130 
-138 
-146 
-153 
-158 
-163 
-164 
-165 
-165 
-165 
-172 
-166 
-103 
15 
99 
34 
-76 
-147 
-177 
-191 
-190 
-186 
-182 
-180 
-178 
-177 
-176 
-171 
-164 
-156 
-149 
-142 
-134 
-129 
-126 
-122 
-120 
-117 
-113 
-107 
-102 
-97 
-96 
-100 
-105 
-111 
-120 
-130 
-139 
-146 
-151 
-149 
-150 
-152 
-154 
-157 
-160 
-163 
-167 
-170 
-171 
-172 
-172 
-171 
-171 
-171 
-171 
-171 
-171 
-170 
-170 
-170 
-170 
-169 
-169 
-169 
-169 
-169 
-169 
-169 
-169 
-168 
-168 
-175 
-177 
-177 
-177 
-176 
-176 
-175 
-175 
-175 
-175 
-175 
-174 
-174 
-174 
-174 
-174 
-174 
-173 
-174 
-173 
-173 
-173 
-173 
-172 
-172 
-172 
-172 
-172 
-172 
-172 
-172 
-171 
-164 
-162 
-162 
-162 
-162 
-159 
-153 
-145 
-137 
-131 
-127 
-123 
-119 
-116 
-120 
-127 
-136 
-144 
-151 
-157 
-161 
-164 
-165 
-165 
-165 
-168 
-173 
-130 
-28 
84 
70 
-50 
-138 
-180 
-192 
-191 
-186 
-182 
-180 
-178 
-177 
-176 
-171 
-165 
-157 
-150 
-142 
-135 
-130 
-127 
-123 
-120 
-117 
-113 
-108 
-103 
-98 
-96 
-100 
-105 
-110 
-118 
-128 
-131 
-136 
-142 
-146 
-150 
-152 
-155 
-157 
-160 
-163 
-167 
-170 
-171 
-172 
-172 
-171 
-171 
-171 
-171 
-171 
-171 
-170 
-170 
-170 
-170 
-170 
-170 
-170 
-169 
-170 
-169 
-169 
-176 
-177 
-177 
-177 
-177 
-177 
-176 
-176 
-176 
-176 
-175 
-175 
-175 
-175 
-174 
-174 
-174 
-174 
-174 
-174 
-174 
-173 
-173 
-173 
-173 
-173 
-172 
-172 
-172 
-171 
-171 
-169 
-157 
-147 
-138 
-132 
-127 
-123 
-119 
-116 
-117 
-124 
-132 
-141 
-149 
-154 
-160 
-163 
-164 
-165 
-165 
-166 
-174 
-151 
-67 
54 
95 
-5 
-105 
-160 
-181 
-183 
-179 
-182 
-181 
-180 
-178 
-177 
-173 
-167 
-160 
-152 
-145 
-138 
-131 
-128 
-125 
-121 
-118 
-115 
-110 
-105 
-99 
-96 
-98 
-103 
-108 
-116 
-125 
-135 
-143 
-149 
-154 
-158 
-160 
-155 
-155 
-157 
-160 
-164 
-169 
-171 
-172 
-172 
-171 
-171 
-171 
-171 
-171 
-171 
-170 
-170 
-170 
-170 
-170 
-169 
-169 
-169 
-169 
-169 
-169 
-168 
-168 
-168 
-168 
-168 
-168 
-175 
-177 
-177 
-177 
-176 
-176 
-175 
-175 
-175 
-175 
-175 
-174 
-174 
-174 
-174 
-174 
-173 
-173 
-174 
-173 
-173 
-173 
-173 
-172 
-172 
-172 
-172 
-172 
-172 
-172 
-172 
-171 
-164 
-162 
-160 
-154 
-146 
-138 
-132 
-127 
-123 
-119 
-117 
-119 
-125 
-134 
-142 
-149 
-155 
-160 
-163 
-165 
-165 
-164 
-166 
-174 
-147 
-58 
62 
90 
-14 
-111 
-163 
-189 
-192 
-188 
-184 
-181 
-179 
-178 
-176 
-174 
-167 
-160 
-153 
-145 
-138 
-132 
-128 
-125 
-122 
-119 
-115 
-111 
-105 
-99 
-96 
-98 
-102 
-108 
-114 
-124 
-134 
-142 
-149 
-147 
-148 
-150 
-153 
-156 
-158 
-161 
-165 
-168 
-171 
-171 
-171 
-171 
-172 
-171 
-171 
-171 
-171 
-170 
-170 
-170 
-170 
-170 
-170 
-169 
-169 
-169 
-169 
-169 
-169 
-169 
-168 
-176 
-178 
-178 
-177 
-177 
-176 
-176 
-176 
-175 
-175 
-175 
-175 
-175 
-174 
-174 
-174 
-174 
-174 
-174 
-173 
-174 
-173 
-173 
-173 
-173 
-173 
-172 
-172 
-172 
-172 
-172 
-172 
-164 
-162 
-162 
-163 
-163 
-162 
-158 
-150 
-142 
-134 
-130 
-125 
-121 
-117 
-117 
-123 
-131 
-139 
-147 
-154 
-159 
-163 
-165 
-165 
-165 
-165 
-173 
-162 
-90 
28 
100 
15 
-96 
-161 
-188 
-193 
-189 
-184 
-134 
-129 
-126 
-123 
-120 
-117 
-113 
-108 
-102 
-97 
-97 
-100 
-105 
-111 
-119 
-122 
-129 
-137 
-142 
-147 
-150 
-152 
-155 
-157 
-160 
-163 
-167 
-170 
-171 
-172 
-172 
-172 
-171 
-171 
-171 
-171 
-170 
-170 
-170 
-170 
-170 
-170 
-170 
-170 
-169 
-169 
-169 
-176 
-178 
-178 
-177 
-177 
-177 
-176 
-176 
-175 
-175 
-175 
-176 
-175 
-175 
-175 
-175 
-175 
-174 
-174 
-174 
-174 
-173 
-173 
-173 
-173 
-173 
-173 
-172 
-172 
-172 
-172 
-172 
-165 
-162 
-162 
-163 
-163 
-163 
-162 
-163 
-163 
-161 
-156 
-148 
-140 
-133 
-128 
-124 
-120 
-117 
-119 
-126 
-134 
-143 
-150 
-156 
-161 
-164 
-165 
-165 
-165 
-168 
-173 
-142 
-45 
70 
67 
-44 
-133 
-177 
-191 
-190 
-186 
-182 
-179 
-178 
-177 
-120 
-117 
-114 
-109 
-103 
-98 
-96 
-99 
-97 
-100 
-108 
-118 
-128 
-136 
-142 
-147 
-150 
-152 
-154 
-157 
-159 
-162 
-166 
-170 
-171 
-172 
-172 
-172 
-171 
-171 
-171 
-170 
-170 
-170 
-170 
-170 
-170 
-170 
-170 
-170 
-177 
-178 
-178 
-178 
-178 
-177 
-177 
-177 
-176 
-176 
-176 
-176 
-176 
-175 
-175 
-175 
-175 
-174 
-174 
-174 
-174 
-174 
-173 
-173 
-173 
-173 
-173 
-173 
-172 
-172 
-172 
-172 
-165 
-163 
-162 
-163 
-163 
-163 
-163 
-163 
-163 
-163 
-163 
-163 
-162 
-157 
-151 
-142 
-134 
-129 
-125 
-121 
-117 
-117 
-122 
-130 
-138 
-146 
-153 
-159 
-163 
-165 
-165 
-172 
-175 
-183 
-165 
-82 
42 
86 
-15 
-116 
-170 
-189 
-192 
-187 
-183 
-131 
-128 
-124 
-121 
-118 
-115 
-110 
-104 
-92 
-86 
-88 
-93 
-99 
-106 
-116 
-125 
-134 
-140 
-146 
-150 
-152 
-154 
-156 
-159 
-162 
-165 
-169 
-171 
-172 
-172 
-172 
-172 
-171 
-171 
-171 
-171 
-171 
-171 
-171 
-170 
-177 
-179 
-179 
-178 
-178 
-178 
-178 
-177 
-177 
-177 
-176 
-176 
-176 
-176 
-176 
-176 
-176 
-176 
-175 
-175 
-175 
-174 
-174 
-174 
-174 
-174 
-174 
-174 
-174 
-173 
-173 
-173 
-166 
-164 
-163 
-163 
-163 
-164 
-163 
-163 
-163 
-163 
-163 
-163 
-163 
-163 
-163 
-162 
-157 
-150 
-141 
-134 
-129 
-125 
-121 
-117 
-118 
-124 
-132 
-140 
-148 
-154 
-160 
-170 
-174 
-175 
-174 
-175 
-182 
-168 
-91 
29 
91 
2 
-106 
-166 
-189 
-191 
-187 
-183 
-180 
-178 
-177 
-176 
-171 
-164 
-157 
-150 
-142 
-135 
-130 
-126 
-123 
-120 
-117 
-106 
-99 
-93 
-88 
-87 
-91 
-96 
-103 
-111 
-121 
-130 
-138 
-143 
-148 
-151 
-153 
-155 
-158 
-161 
-164 
-168 
-171 
-172 
-173 
-172 
-172 
-172 
-171 
-171 
-171 
-171 
-171 
-178 
-180 
-179 
-179 
-179 
-178 
-178 
-178 
-178 
-177 
-177 
-177 
-177 
-176 
-176 
-176 
-176 
-175 
-176 
-175 
-175 
-175 
-175 
-174 
-174 
-174 
-174 
-174 
-174 
-173 
-173 
-173 
-166 
-164 
-163 
-164 
-164 
-164 
-164 
-164 
-164 
