-165 
-165 
-165 
-165 
-164 
-164 
-164 
-165 
-165 
-162 
-157 
-148 
-139 
-140 
-137 
-133 
-129 
-126 
-129 
-136 
-144 
-152 
-160 
-165 
-170 
-173 
-173 
-173 
-173 
-176 
-182 
-143 
-45 
71 
68 
-43 
-132 
-176 
-191 
-191 
-186 
-182 
-123 
-120 
-117 
-114 
-110 
-107 
-103 
-97 
-91 
-89 
-90 
-94 
-100 
-107 
-117 
-127 
-135 
-141 
-146 
-151 
-153 
-155 
-157 
-159 
-169 
-175 
-179 
-181 
-181 
-181 
-181 
-180 
-180 
-180 
-180 
-179 
-179 
-178 
-178 
-178 
-178 
-178 
-178 
-178 
-177 
-177 
-177 
-177 
-176 
-176 
-176 
-176 
-176 
-176 
-176 
-176 
-168 
-166 
-166 
-166 
-166 
-166 
-166 
-166 
-166 
-166 
-166 
-165 
-166 
-165 
-165 
-165 
-165 
-165 
-165 
-165 
-164 
-164 
-164 
-164 
-164 
-164 
-164 
-164 
-164 
-164 
-164 
-164 
-167 
-163 
-154 
-146 
-140 
-134 
-130 
-126 
-126 
-132 
-140 
-149 
-157 
-163 
-169 
-173 
-174 
-173 
-173 
-175 
-182 
-154 
-62 
57 
81 
-25 
-121 
-172 
-190 
-190 
-186 
-183 
-124 
-120 
-117 
-114 
-111 
-108 
-104 
-98 
-92 
-89 
-90 
-94 
-100 
-106 
-116 
-125 
-134 
-141 
-146 
-150 
-152 
-161 
-166 
-168 
-171 
-174 
-178 
-180 
-181 
-181 
-181 
-181 
-180 
-180 
-180 
-179 
-179 
-179 
-179 
-179 
-178 
-178 
-178 
-178 
-177 
-177 
-177 
-177 
-177 
-176 
-176 
-176 
-176 
-168 
-166 
-166 
-166 
-166 
-166 
-166 
-166 
-166 
-166 
-166 
-166 
-166 
-166 
-166 
-166 
-165 
-165 
-165 
-165 
-165 
-165 
-165 
-165 
-165 
-165 
-165 
-165 
-165 
-164 
-164 
-164 
-171 
-172 
-169 
-163 
-154 
-145 
-140 
-135 
-131 
-127 
-126 
-130 
-137 
-145 
-153 
-160 
-166 
-170 
-172 
-173 
-173 
-173 
-179 
-176 
-114 
5 
92 
22 
-90 
-159 
-187 
-191 
-181 
-174 
-171 
-169 
-168 
-168 
-166 
-161 
-154 
-146 
-139 
-132 
-125 
-121 
-118 
-114 
-112 
-109 
-105 
-99 
-93 
-89 
-90 
-93 
-98 
-105 
-115 
-124 
-133 
-140 
-145 
-156 
-161 
-163 
-166 
-168 
-170 
-173 
-177 
-180 
-181 
-181 
-181 
-180 
-180 
-180 
-180 
-179 
-179 
-179 
-178 
-178 
-178 
-178 
-177 
-177 
-177 
-177 
-177 
-177 
-176 
-176 
-176 
-169 
-166 
-166 
-166 
-166 
-166 
-167 
-166 
-167 
-167 
-166 
-166 
-166 
-166 
-166 
-166 
-166 
-165 
-165 
-165 
-165 
-165 
-165 
-165 
-165 
-164 
-165 
-165 
-164 
-164 
-164 
-164 
-171 
-173 
-173 
-173 
-172 
-170 
-164 
-156 
-148 
-141 
-136 
-132 
-128 
-125 
-127 
-134 
-142 
-150 
-158 
-164 
-169 
-172 
-173 
-173 
-173 
-174 
-182 
-154 
-64 
57 
81 
-24 
-113 
-162 
-180 
-181 
-177 
-173 
-171 
-169 
-168 
-168 
-164 
-158 
-151 
-144 
-136 
-129 
-123 
-119 
-116 
-113 
-110 
-105 
-100 
-94 
-89 
-89 
-93 
-98 
-104 
-113 
-123 
-139 
-149 
-154 
-158 
-161 
-162 
-165 
-166 
-169 
-172 
-176 
-179 
-180 
-181 
-181 
-180 
-180 
-180 
-179 
-179 
-178 
-178 
-178 
-178 
-178 
-178 
-177 
-177 
-177 
-177 
-176 
-176 
-169 
-167 
-167 
-167 
-167 
-167 
-167 
-168 
-167 
-167 
-167 
-167 
-167 
-167 
-166 
-166 
-166 
-166 
-166 
-166 
-166 
-166 
-165 
-165 
-165 
-166 
-166 
-164 
-164 
-164 
-164 
-164 
-171 
-169 
-163 
-154 
-146 
-140 
-136 
-131 
-127 
-126 
-130 
-137 
-146 
-154 
-161 
-166 
-171 
-173 
-173 
-173 
-173 
-178 
-179 
-127 
-18 
85 
47 
-67 
-146 
-182 
-192 
-190 
-178 
-171 
-169 
-168 
-168 
-167 
-162 
-155 
-148 
-140 
-133 
-126 
-121 
-118 
-115 
-112 
-109 
-105 
-100 
-94 
-89 
-89 
-93 
-98 
-105 
-114 
-124 
-133 
-140 
-145 
-149 
-159 
-164 
-166 
-168 
-170 
-174 
-177 
-180 
-181 
-181 
-180 
-180 
-180 
-179 
-179 
-179 
-178 
-178 
-178 
-178 
-178 
-178 
-178 
-177 
-177 
-177 
-176 
-176 
-176 
-176 
-176 
-176 
-169 
-166 
-166 
-166 
-166 
-166 
-166 
-166 
-166 
-166 
-166 
-166 
-166 
-165 
-166 
-165 
-165 
-165 
-166 
-165 
-165 
-165 
-165 
-165 
-164 
-165 
-165 
-164 
-164 
-164 
-164 
-164 
-171 
-173 
-173 
-172 
-168 
-162 
-153 
-145 
-139 
-134 
-130 
-127 
-125 
-130 
-137 
-145 
-153 
-160 
-166 
-170 
-172 
-173 
-173 
-173 
-178 
-178 
-127 
-18 
85 
48 
-65 
-145 
-174 
-182 
-180 
-175 
-172 
-170 
-169 
-168 
-167 
-163 
-149 
-142 
-135 
-128 
-122 
-119 
-116 
-113 
-110 
-106 
-101 
-95 
-90 
-89 
-92 
-97 
-103 
-111 
-120 
-130 
-138 
-150 
-157 
-161 
-162 
-164 
-167 
-169 
-172 
-175 
-179 
-180 
-181 
-181 
-180 
-180 
-180 
-180 
-179 
-179 
-179 
-178 
-178 
-178 
-178 
-178 
-177 
-177 
-177 
-177 
-177 
-176 
-176 
-169 
-167 
-166 
-167 
-167 
-167 
-167 
-167 
-167 
-167 
-167 
-167 
-166 
-166 
-166 
-166 
-166 
-166 
-166 
-166 
-165 
-165 
-165 
-165 
-165 
-165 
-165 
-165 
-165 
-165 
-165 
-165 
-171 
-174 
-173 
-173 
-172 
-172 
-170 
-164 
-156 
-147 
-141 
-136 
-132 
-128 
-125 
-127 
-134 
-143 
-151 
-158 
-164 
-169 
-172 
-173 
-173 
-172 
-174 
-182 
-153 
-62 
58 
80 
-19 
-112 
-162 
-180 
-182 
-177 
-174 
-123 
-120 
-116 
-114 
-110 
-107 
-102 
-97 
-91 
-89 
-91 
-96 
-101 
-108 
-125 
-137 
-145 
-151 
-155 
-159 
-161 
-163 
-166 
-167 
-170 
-174 
-178 
-180 
-180 
-180 
-180 
-180 
-179 
-179 
-179 
-178 
-178 
-178 
-178 
-178 
-178 
-177 
-177 
-177 
-177 
-177 
-170 
-167 
-167 
-167 
-167 
-168 
-168 
-168 
-167 
-167 
-167 
-167 
-166 
-166 
-166 
-166 
-166 
-166 
-166 
-166 
-166 
-166 
-166 
-165 
-165 
-165 
-165 
-165 
-165 
-165 
-165 
-165 
-172 
-174 
-174 
-173 
-173 
-172 
-172 
-172 
-172 
-169 
-163 
-155 
-147 
-140 
-136 
-132 
-128 
-125 
-128 
-134 
-142 
-150 
-158 
-164 
-169 
-172 
-173 
-173 
-173 
-174 
-182 
-151 
-51 
71 
87 
-20 
-115 
-164 
-181 
-182 
-178 
-174 
-124 
-120 
-117 
-114 
-111 
-108 
-103 
-98 
-92 
-89 
-90 
-102 
-109 
-116 
-125 
-134 
-143 
-149 
-154 
-158 
-161 
-163 
-165 
-167 
-170 
-173 
-177 
-179 
-180 
-180 
-180 
-180 
-180 
-179 
-179 
-179 
-179 
-178 
-178 
-178 
-178 
-177 
-177 
-170 
-167 
-167 
-167 
-167 
-167 
-167 
-168 
-168 
-168 
-168 
-167 
-167 
-167 
-167 
-167 
-167 
-167 
-166 
-166 
-166 
-166 
-166 
-166 
-166 
-166 
-165 
-166 
-165 
-165 
-165 
-165 
-172 
-174 
-174 
-173 
-173 
-173 
-172 
-172 
-172 
-172 
-171 
-171 
-171 
-166 
-159 
-151 
-143 
-138 
-134 
-130 
-126 
-125 
-130 
-138 
-147 
-155 
-161 
-167 
-170 
-172 
-172 
-172 
-166 
-170 
-164 
-99 
16 
100 
34 
-76 
-146 
-176 
-183 
-180 
-176 
-172 
-171 
-169 
-168 
-167 
-162 
-155 
-148 
-140 
-133 
-126 
-121 
