7 
7 
7 
8 
8 
8 
8 
8 
10 
21 
33 
44 
49 
53 
54 
56 
56 
47 
28 
14 
4 
-2 
-5 
-8 
-6 
-1 
2 
5 
4 
-14 
39 
222 
249 
187 
34 
-96 
-111 
-85 
-51 
-24 
-9 
-1 
52 
51 
52 
52 
54 
57 
63 
69 
70 
61 
47 
38 
29 
14 
3 
-4 
-7 
-5 
-6 
-2 
1 
-2 
-1 
-3 
-2 
-5 
-5 
-2 
0 
3 
4 
5 
6 
7 
8 
7 
7 
7 
8 
8 
8 
8 
8 
9 
8 
8 
8 
9 
9 
9 
9 
9 
9 
9 
10 
10 
6 
5 
5 
5 
6 
6 
6 
6 
6 
6 
7 
5 
7 
6 
7 
7 
7 
7 
7 
7 
7 
7 
7 
8 
8 
8 
8 
8 
8 
8 
9 
14 
27 
41 
52 
54 
54 
54 
57 
53 
37 
20 
8 
0 
-5 
-8 
-7 
-2 
3 
5 
5 
-10 
21 
190 
258 
196 
68 
-85 
-114 
-90 
-56 
-28 
-11 
-2 
54 
51 
52 
51 
54 
57 
63 
69 
70 
62 
49 
40 
30 
17 
5 
-4 
-7 
-5 
-5 
-3 
1 
2 
4 
3 
0 
-4 
-5 
-3 
-1 
2 
4 
5 
6 
7 
7 
7 
7 
7 
7 
8 
8 
9 
9 
9 
7 
8 
8 
8 
9 
9 
9 
9 
9 
6 
5 
5 
5 
5 
5 
5 
6 
6 
6 
6 
6 
6 
7 
7 
7 
6 
6 
6 
6 
7 
7 
7 
7 
7 
8 
7 
8 
8 
8 
8 
8 
12 
18 
29 
42 
51 
53 
54 
54 
56 
55 
44 
26 
12 
2 
-4 
-6 
-8 
-5 
-1 
3 
6 
2 
-14 
87 
279 
225 
155 
-42 
-111 
-101 
-67 
-35 
-19 
-9 
-3 
0 
2 
4 
14 
25 
35 
43 
48 
54 
54 
50 
53 
51 
54 
56 
62 
67 
70 
64 
52 
40 
31 
19 
6 
-2 
-7 
-5 
-6 
0 
5 
4 
4 
4 
1 
-4 
-6 
-3 
-1 
1 
4 
5 
6 
7 
7 
7 
7 
8 
8 
8 
8 
8 
8 
8 
8 
8 
8 
8 
9 
9 
9 
5 
4 
4 
4 
5 
5 
5 
5 
5 
5 
6 
6 
6 
6 
6 
6 
7 
6 
6 
6 
6 
7 
6 
7 
7 
7 
7 
7 
7 
7 
7 
8 
11 
12 
12 
12 
14 
26 
37 
48 
54 
52 
54 
56 
56 
48 
30 
16 
5 
-2 
-5 
-8 
-7 
-2 
1 
5 
6 
-10 
21 
188 
258 
196 
70 
-84 
-117 
-95 
-61 
-32 
-15 
-7 
-2 
1 
3 
8 
20 
30 
38 
45 
50 
54 
52 
51 
52 
52 
55 
60 
67 
71 
64 
52 
41 
32 
21 
7 
-2 
-3 
-1 
-1 
1 
4 
4 
3 
3 
0 
-4 
-6 
-4 
-1 
2 
4 
5 
6 
7 
7 
7 
7 
8 
8 
8 
8 
8 
7 
8 
8 
8 
8 
8 
4 
4 
4 
4 
4 
4 
4 
5 
5 
5 
6 
6 
6 
6 
6 
6 
6 
6 
7 
7 
7 
7 
6 
6 
6 
8 
8 
8 
8 
9 
8 
9 
17 
29 
42 
52 
54 
54 
55 
56 
54 
43 
25 
11 
3 
-4 
-6 
-8 
-5 
0 
3 
6 
3 
-15 
68 
267 
236 
175 
-7 
-106 
-107 
-77 
-43 
-20 
-11 
-6 
-1 
2 
4 
13 
25 
33 
42 
48 
53 
54 
50 
52 
51 
54 
56 
61 
67 
71 
65 
52 
41 
32 
20 
7 
-2 
-7 
-5 
-6 
-4 
4 
4 
4 
4 
0 
-4 
-6 
-3 
0 
2 
4 
5 
6 
6 
7 
7 
7 
8 
8 
8 
8 
8 
8 
8 
8 
8 
8 
8 
9 
9 
9 
9 
5 
4 
5 
5 
5 
5 
6 
6 
6 
6 
6 
6 
6 
5 
7 
6 
6 
6 
7 
6 
6 
7 
7 
7 
7 
7 
7 
7 
7 
8 
8 
8 
11 
12 
12 
18 
29 
42 
51 
53 
53 
54 
56 
54 
42 
25 
11 
2 
-5 
-6 
-7 
-5 
0 
3 
6 
2 
-15 
70 
267 
236 
175 
-7 
-106 
-108 
-82 
-48 
-25 
-13 
-5 
-1 
2 
3 
10 
22 
38 
46 
51 
55 
52 
51 
52 
53 
55 
59 
65 
70 
68 
57 
44 
34 
25 
10 
0 
-5 
-6 
-1 
0 
3 
5 
3 
4 
1 
-2 
-6 
-5 
-1 
1 
3 
5 
6 
6 
7 
6 
7 
7 
8 
8 
8 
8 
9 
8 
8 
8 
8 
8 
8 
8 
5 
4 
4 
5 
5 
5 
5 
5 
5 
5 
6 
6 
6 
6 
6 
7 
7 
7 
7 
7 
6 
6 
6 
7 
7 
7 
7 
7 
7 
7 
8 
8 
11 
13 
12 
13 
13 
15 
26 
38 
49 
54 
53 
54 
55 
56 
48 
30 
15 
5 
-2 
-5 
-8 
-7 
-2 
2 
5 
6 
-10 
22 
191 
257 
195 
65 
-89 
-118 
-95 
-61 
-31 
-16 
-6 
53 
51 
52 
53 
54 
58 
64 
70 
69 
60 
46 
38 
27 
14 
6 
0 
