-75 
-75 
-75 
-74 
-74 
-74 
-74 
-74 
-72 
-60 
-45 
-30 
-20 
-17 
-14 
-10 
-8 
-16 
-36 
-54 
-68 
-78 
-85 
-90 
-91 
-87 
-84 
-81 
-82 
-102 
-52 
151 
227 
222 
68 
-117 
-177 
-173 
-146 
-119 
-102 
-92 
-9 
-9 
-6 
-5 
-1 
4 
12 
21 
25 
17 
2 
-9 
-21 
-39 
-55 
-67 
-74 
-75 
-79 
-77 
-75 
-79 
-79 
-82 
-86 
-92 
-94 
-92 
-90 
-87 
-86 
-85 
-84 
-83 
-82 
-82 
-82 
-82 
-81 
-81 
-81 
-81 
-81 
-80 
-80 
-80 
-80 
-79 
-79 
-79 
-79 
-79 
-79 
-79 
-78 
-78 
-78 
-78 
-78 
-78 
-77 
-77 
-77 
-77 
-77 
-77 
-76 
-77 
-76 
-76 
-75 
-75 
-75 
-75 
-75 
-75 
-75 
-75 
-75 
-74 
-74 
-74 
-74 
-74 
-74 
-74 
-73 
-68 
-56 
-40 
-25 
-19 
-16 
-13 
-8 
-10 
-26 
-46 
-62 
-74 
-83 
-89 
-91 
-88 
-84 
-81 
-81 
-97 
-70 
113 
227 
224 
108 
-97 
-174 
-176 
-151 
-123 
-104 
-93 
-8 
-9 
-6 
-6 
-1 
3 
11 
20 
24 
18 
4 
-7 
-20 
-36 
-53 
-66 
-74 
-75 
-78 
-78 
-75 
-78 
-79 
-81 
-85 
-91 
-94 
-93 
-91 
-88 
-86 
-85 
-84 
-83 
-83 
-82 
-82 
-82 
-82 
-81 
-81 
-80 
-80 
-80 
-81 
-80 
-80 
-80 
-79 
-79 
-79 
-79 
-79 
-78 
-78 
-78 
-78 
-78 
-78 
-78 
-77 
-77 
-77 
-77 
-77 
-77 
-76 
-76 
-76 
-76 
-76 
-76 
-76 
-75 
-75 
-75 
-75 
-75 
-74 
-75 
-74 
-74 
-74 
-74 
-74 
-73 
-68 
-55 
-39 
-26 
-19 
-16 
-13 
-9 
-8 
-19 
-39 
-56 
-70 
-80 
-86 
-91 
-90 
-87 
-83 
-80 
-84 
-103 
-1 
222 
227 
201 
-31 
-156 
-180 
-160 
-130 
-109 
-96 
-88 
-84 
-82 
-80 
-69 
-55 
-42 
-30 
-21 
-12 
-8 
-10 
-6 
-6 
-2 
2 
10 
18 
24 
20 
7 
-6 
-18 
-33 
-51 
-64 
-73 
-75 
-78 
-78 
-75 
-77 
-79 
-80 
-84 
-90 
-94 
-93 
-91 
-89 
-86 
-85 
-84 
-83 
-83 
-82 
-82 
-81 
-81 
-81 
-81 
-81 
-80 
-80 
-80 
-80 
-80 
-80 
-79 
-79 
-79 
-79 
-79 
-79 
-79 
-78 
-78 
-78 
-78 
-78 
-78 
-77 
-77 
-77 
-77 
-77 
-77 
-76 
-76 
-76 
-76 
-76 
-75 
-76 
-75 
-75 
-75 
-75 
-75 
-75 
-75 
-75 
-74 
-74 
-74 
-74 
-74 
-72 
-59 
-45 
-30 
-20 
-18 
-14 
-10 
-8 
-14 
-33 
-51 
-66 
-77 
-84 
-90 
-91 
-88 
-85 
-81 
-80 
-97 
-70 
111 
226 
224 
110 
-96 
-173 
-176 
-151 
-122 
-103 
-93 
-87 
-83 
-81 
-76 
-62 
-49 
-37 
-27 
-18 
-10 
-9 
-8 
-6 
-4 
0 
8 
17 
24 
20 
8 
-5 
-17 
-31 
-49 
-63 
-72 
-75 
-78 
-78 
-76 
-77 
-79 
-80 
-84 
-90 
-94 
-93 
-91 
-88 
-86 
-85 
-84 
-83 
-82 
-82 
-82 
-81 
-81 
-81 
-81 
-81 
-81 
-80 
-80 
-80 
-80 
-80 
-80 
-79 
-79 
-79 
-79 
-79 
-79 
-79 
-78 
-78 
-77 
-77 
-77 
-77 
-77 
-77 
-77 
-77 
-76 
-76 
-76 
-76 
-76 
-76 
-76 
-75 
-75 
-74 
-74 
-73 
-74 
-73 
-68 
-55 
-39 
-25 
-19 
-16 
-13 
-9 
-9 
-20 
-40 
-57 
-70 
-81 
-86 
-91 
-90 
-86 
-83 
-80 
-83 
-104 
-21 
204 
227 
217 
16 
-139 
-180 
-168 
-139 
-115 
-100 
-91 
-85 
-82 
-80 
-70 
-56 
-44 
-32 
-22 
-13 
-9 
-10 
-7 
-6 
-2 
2 
9 
17 
24 
21 
8 
-5 
-17 
-32 
-50 
-64 
-73 
-75 
-78 
-78 
-75 
-78 
-79 
-80 
-85 
-91 
-94 
-93 
-90 
-88 
-86 
-85 
-84 
-83 
-82 
-82 
-82 
-81 
-81 
-81 
-81 
-81 
-81 
-80 
-80 
-80 
-80 
-80 
-79 
-79 
-79 
-79 
-79 
-79 
-78 
-78 
-78 
-78 
-77 
-77 
-77 
-77 
-77 
-77 
-77 
-77 
-76 
-76 
-76 
-76 
-76 
-76 
-76 
-75 
-75 
-75 
-75 
-75 
-75 
-75 
-75 
-74 
-74 
-74 
-74 
-74 
-74 
-68 
-55 
-39 
-25 
-19 
-16 
-13 
-9 
-9 
-20 
-40 
-57 
-70 
-81 
-86 
-90 
-90 
-86 
-83 
-80 
-84 
-104 
-19 
204 
227 
217 
17 
-138 
-180 
-169 
-139 
-115 
-100 
-91 
-86 
-82 
-81 
-73 
-59 
-36 
-25 
-16 
-9 
-9 
-8 
-6 
-3 
0 
6 
15 
23 
23 
13 
-2 
-14 
-26 
-45 
-60 
-70 
-75 
-76 
-78 
-77 
-76 
-79 
-79 
-83 
-88 
-93 
-94 
-91 
-89 
-87 
-85 
-84 
-84 
-83 
-83 
-82 
-82 
-81 
-81 
-81 
-81 
-80 
-80 
-80 
-80 
-80 
-80 
-80 
-80 
-79 
-79 
-79 
-78 
-78 
-78 
-78 
-78 
-78 
-78 
-77 
-77 
-77 
-77 
-77 
-76 
-76 
-76 
-76 
-76 
-76 
-76 
-76 
-75 
-75 
-75 
-75 
-75 
-75 
-75 
-74 
-74 
-74 
-74 
-74 
-73 
-73 
-71 
-59 
-44 
-29 
-19 
-17 
-14 
-11 
-8 
-14 
-33 
-52 
-66 
-77 
-84 
-90 
-91 
-88 
-84 
-81 
-80 
-97 
