120 
120 
120 
119 
119 
119 
119 
119 
118 
111 
101 
89 
79 
78 
75 
71 
68 
71 
82 
95 
106 
115 
122 
127 
130 
130 
128 
127 
127 
139 
117 
-4 
-91 
-146 
-68 
80 
154 
174 
168 
155 
144 
137 
66 
64 
61 
59 
55 
51 
45 
38 
33 
36 
44 
51 
60 
73 
86 
97 
104 
108 
112 
114 
114 
117 
118 
120 
127 
133 
136 
136 
135 
134 
133 
132 
132 
131 
131 
130 
130 
130 
129 
129 
129 
129 
129 
129 
128 
128 
128 
128 
127 
127 
127 
127 
127 
127 
127 
127 
123 
122 
122 
122 
121 
121 
121 
121 
121 
121 
121 
121 
121 
120 
120 
120 
120 
120 
120 
120 
119 
119 
119 
119 
119 
119 
119 
119 
119 
119 
118 
116 
111 
101 
89 
82 
78 
73 
69 
68 
76 
89 
101 
111 
120 
126 
130 
130 
129 
127 
127 
136 
126 
20 
-82 
-140 
-94 
61 
147 
174 
170 
156 
145 
138 
66 
64 
61 
60 
56 
52 
46 
39 
34 
35 
43 
50 
60 
71 
84 
95 
104 
108 
112 
114 
113 
119 
122 
124 
128 
132 
136 
136 
136 
134 
133 
133 
132 
131 
131 
130 
130 
130 
130 
130 
129 
129 
129 
129 
129 
128 
128 
128 
128 
127 
127 
127 
127 
123 
122 
122 
122 
122 
122 
122 
121 
121 
121 
121 
121 
121 
121 
121 
121 
120 
120 
120 
120 
120 
120 
120 
120 
120 
119 
120 
119 
119 
119 
119 
119 
122 
120 
112 
101 
90 
82 
78 
74 
70 
67 
72 
84 
96 
107 
116 
123 
128 
130 
129 
128 
126 
128 
141 
88 
-54 
-116 
-146 
4 
123 
169 
173 
160 
145 
135 
129 
126 
125 
124 
117 
108 
98 
88 
80 
72 
66 
65 
62 
60 
57 
53 
47 
40 
34 
34 
41 
49 
58 
69 
83 
94 
103 
107 
111 
117 
118 
120 
122 
124 
127 
131 
135 
136 
136 
135 
133 
132 
132 
131 
131 
130 
130 
130 
129 
129 
129 
129 
128 
128 
128 
128 
128 
128 
127 
127 
127 
124 
122 
122 
122 
122 
122 
122 
122 
122 
122 
121 
121 
121 
121 
121 
121 
121 
120 
120 
120 
120 
120 
120 
120 
120 
119 
120 
120 
119 
119 
119 
119 
122 
123 
123 
123 
122 
114 
104 
93 
84 
79 
75 
71 
68 
69 
80 
92 
104 
113 
121 
127 
130 
130 
129 
127 
126 
135 
126 
21 
-81 
-140 
-95 
60 
143 
169 
165 
151 
140 
133 
129 
126 
124 
122 
113 
103 
94 
85 
77 
69 
66 
63 
61 
58 
55 
48 
41 
35 
34 
40 
49 
57 
67 
81 
93 
105 
112 
116 
118 
118 
119 
122 
123 
126 
131 
135 
136 
135 
134 
133 
132 
132 
131 
130 
130 
130 
129 
129 
129 
129 
129 
129 
128 
128 
128 
128 
128 
124 
123 
123 
123 
123 
123 
123 
123 
122 
122 
122 
122 
122 
122 
121 
121 
121 
121 
121 
121 
121 
121 
120 
120 
120 
120 
120 
119 
119 
118 
119 
118 
119 
112 
101 
89 
82 
78 
74 
70 
68 
73 
85 
97 
108 
117 
123 
128 
130 
129 
128 
126 
128 
141 
100 
-38 
-104 
-151 
-31 
103 
163 
175 
165 
152 
139 
131 
127 
125 
124 
118 
109 
99 
90 
81 
73 
67 
65 
62 
60 
57 
53 
48 
41 
35 
34 
40 
49 
57 
68 
82 
94 
103 
107 
111 
113 
117 
121 
122 
124 
127 
132 
135 
136 
135 
134 
133 
132 
132 
131 
130 
130 
130 
129 
129 
129 
129 
129 
129 
128 
128 
128 
128 
128 
127 
127 
127 
127 
124 
122 
122 
122 
122 
122 
121 
121 
121 
121 
121 
121 
121 
121 
121 
120 
120 
120 
121 
120 
120 
120 
120 
120 
119 
120 
120 
119 
119 
119 
119 
119 
122 
123 
123 
120 
111 
100 
89 
82 
77 
73 
69 
68 
72 
85 
97 
107 
117 
123 
128 
130 
129 
128 
126 
128 
141 
98 
-38 
-104 
-151 
-32 
101 
162 
171 
160 
147 
137 
131 
128 
125 
124 
120 
111 
92 
83 
75 
68 
65 
63 
61 
58 
55 
50 
43 
36 
33 
38 
47 
55 
64 
78 
90 
100 
106 
113 
117 
119 
119 
121 
123 
126 
130 
134 
136 
135 
135 
134 
132 
132 
132 
131 
131 
130 
130 
129 
129 
129 
129 
129 
128 
128 
128 
128 
128 
128 
128 
124 
123 
122 
122 
122 
122 
122 
122 
122 
122 
122 
122 
121 
121 
121 
121 
121 
121 
121 
121 
120 
120 
120 
120 
120 
120 
120 
120 
120 
120 
119 
119 
122 
124 
123 
123 
122 
121 
114 
104 
92 
83 
79 
75 
71 
68 
69 
80 
93 
104 
114 
121 
127 
130 
130 
128 
127 
126 
135 
125 
