90 
90 
90 
91 
90 
90 
90 
91 
93 
102 
112 
118 
119 
123 
123 
123 
121 
110 
93 
82 
76 
74 
75 
75 
79 
86 
89 
92 
91 
74 
130 
294 
272 
151 
0 
-74 
-45 
3 
45 
72 
84 
90 
114 
111 
111 
109 
109 
111 
115 
118 
116 
106 
92 
85 
79 
68 
62 
60 
61 
66 
67 
74 
78 
76 
78 
77 
83 
83 
85 
89 
91 
94 
95 
95 
96 
97 
98 
97 
97 
96 
97 
97 
97 
97 
97 
98 
97 
97 
97 
98 
97 
97 
97 
97 
97 
97 
98 
98 
90 
88 
88 
88 
89 
89 
89 
89 
89 
89 
90 
88 
90 
89 
90 
90 
90 
90 
90 
90 
89 
89 
89 
90 
90 
90 
90 
90 
90 
90 
91 
96 
111 
123 
129 
127 
124 
121 
122 
116 
100 
86 
78 
75 
74 
74 
78 
85 
90 
92 
92 
78 
112 
267 
289 
167 
27 
-72 
-53 
-4 
39 
67 
82 
90 
116 
111 
111 
108 
110 
111 
115 
118 
116 
107 
94 
87 
80 
70 
63 
59 
60 
66 
68 
72 
77 
83 
87 
87 
86 
83 
84 
87 
90 
93 
95 
96 
96 
97 
97 
97 
97 
97 
97 
98 
97 
98 
98 
98 
96 
97 
97 
97 
98 
97 
97 
97 
97 
90 
88 
88 
88 
88 
88 
88 
89 
89 
89 
89 
89 
89 
90 
90 
90 
89 
89 
89 
89 
90 
90 
90 
90 
90 
91 
90 
91 
91 
90 
90 
90 
98 
104 
114 
124 
128 
126 
124 
122 
122 
119 
107 
91 
81 
75 
73 
74 
75 
80 
85 
90 
93 
89 
76 
175 
336 
222 
109 
-53 
-66 
-21 
27 
61 
72 
78 
83 
85 
86 
88 
97 
106 
112 
116 
118 
120 
117 
111 
112 
108 
110 
111 
115 
117 
117 
109 
97 
87 
80 
72 
64 
60 
60 
65 
67 
78 
86 
86 
87 
88 
86 
83 
83 
87 
90 
92 
95 
95 
96 
97 
97 
97 
97 
98 
97 
97 
97 
97 
97 
97 
97 
97 
97 
97 
97 
97 
97 
90 
87 
87 
87 
88 
88 
89 
88 
89 
89 
89 
89 
89 
89 
89 
89 
90 
89 
89 
89 
89 
90 
89 
90 
90 
89 
90 
90 
89 
89 
89 
90 
97 
99 
99 
99 
100 
111 
119 
126 
128 
123 
122 
122 
120 
111 
94 
83 
76 
73 
74 
74 
78 
84 
88 
92 
93 
77 
112 
265 
290 
167 
29 
-72 
-60 
-14 
29 
59 
74 
80 
84 
86 
87 
92 
102 
109 
114 
117 
118 
119 
114 
111 
110 
109 
110 
113 
117 
118 
109 
97 
88 
81 
73 
64 
60 
67 
74 
76 
80 
85 
85 
86 
86 
85 
82 
82 
86 
89 
93 
95 
95 
96 
97 
97 
97 
96 
97 
97 
97 
97 
97 
96 
97 
97 
97 
96 
96 
89 
88 
88 
88 
88 
88 
88 
89 
89 
89 
90 
90 
90 
90 
89 
89 
89 
89 
90 
90 
90 
90 
89 
89 
89 
91 
91 
90 
90 
91 
90 
91 
103 
114 
124 
129 
127 
124 
123 
122 
118 
106 
90 
80 
76 
73 
75 
75 
81 
87 
90 
93 
90 
74 
158 
331 
245 
132 
-31 
-72 
-34 
14 
53 
75 
78 
80 
84 
86 
88 
97 
106 
111 
116 
118 
120 
117 
111 
111 
109 
110 
111 
114 
117 
118 
110 
97 
88 
81 
73 
64 
60 
60 
65 
67 
71 
84 
86 
87 
88 
85 
83 
83 
87 
91 
93 
94 
95 
96 
96 
97 
97 
96 
97 
97 
97 
97 
97 
97 
97 
97 
97 
96 
96 
97 
97 
97 
97 
90 
87 
88 
88 
88 
88 
89 
89 
89 
89 
89 
89 
89 
88 
90 
89 
89 
89 
90 
89 
89 
90 
90 
90 
89 
90 
90 
89 
89 
90 
90 
90 
97 
99 
99 
104 
113 
123 
128 
126 
123 
121 
121 
118 
105 
90 
80 
75 
72 
74 
76 
80 
86 
90 
93 
89 
74 
159 
331 
245 
132 
-31 
-73 
-35 
5 
43 
65 
75 
81 
84 
87 
87 
94 
104 
113 
117 
119 
119 
113 
111 
110 
110 
110 
112 
116 
118 
113 
102 
90 
83 
77 
66 
60 
60 
63 
74 
79 
84 
86 
85 
88 
86 
84 
82 
85 
89 
92 
94 
95 
96 
96 
97 
96 
97 
97 
97 
97 
97 
97 
98 
97 
97 
97 
97 
97 
96 
96 
90 
88 
87 
89 
89 
89 
89 
89 
89 
89 
90 
90 
89 
89 
89 
90 
90 
90 
90 
90 
89 
89 
89 
90 
90 
90 
90 
90 
90 
90 
91 
91 
97 
100 
99 
100 
99 
101 
111 
120 
127 
128 
124 
122 
121 
120 
111 
94 
82 
77 
74 
74 
74 
78 
84 
89 
92 
92 
