-163 
-165 
-168 
-171 
-175 
-178 
-173 
-171 
-170 
-171 
-171 
-171 
-171 
-171 
-170 
-170 
-170 
-170 
-170 
-170 
-169 
-169 
-169 
-169 
-169 
-169 
-169 
-168 
-168 
-168 
-168 
-168 
-168 
-168 
-167 
-167 
-167 
-167 
-174 
-176 
-176 
-176 
-175 
-175 
-175 
-175 
-174 
-174 
-174 
-173 
-173 
-173 
-173 
-173 
-173 
-173 
-172 
-172 
-172 
-172 
-172 
-172 
-172 
-171 
-171 
-171 
-169 
-165 
-157 
-148 
-134 
-127 
-123 
-119 
-116 
-117 
-123 
-132 
-140 
-148 
-154 
-160 
-163 
-164 
-165 
-165 
-166 
-174 
-156 
-73 
51 
94 
-9 
-110 
-163 
-182 
-183 
-179 
-175 
-172 
-170 
-176 
-177 
-173 
-166 
-158 
-151 
-143 
-136 
-130 
-127 
-124 
-121 
-118 
-114 
-109 
-103 
-98 
-97 
-100 
-105 
-111 
-119 
-129 
-138 
-146 
-151 
-155 
-159 
-161 
-163 
-165 
-168 
-164 
-165 
-169 
-170 
-171 
-171 
-171 
-171 
-171 
-171 
-170 
-170 
-170 
-170 
-170 
-170 
-170 
-169 
-169 
-169 
-169 
-169 
-169 
-169 
-169 
-169 
-169 
-168 
-168 
-168 
-168 
-168 
-174 
-176 
-177 
-176 
-176 
-175 
-175 
-174 
-174 
-174 
-174 
-174 
-174 
-174 
-174 
-173 
-173 
-173 
-173 
-173 
-172 
-171 
-171 
-171 
-170 
-165 
-158 
-149 
-142 
-137 
-133 
-128 
-118 
-116 
-121 
-130 
-138 
-146 
-153 
-158 
-162 
-164 
-165 
-164 
-165 
-172 
-161 
-88 
30 
100 
21 
-87 
-152 
-178 
-183 
-180 
-176 
-172 
-171 
-169 
-168 
-166 
-160 
-160 
-155 
-147 
-140 
-133 
-129 
-125 
-122 
-119 
-116 
-111 
-105 
-99 
-96 
-98 
-103 
-109 
-116 
-126 
-136 
-144 
-150 
-155 
-158 
-160 
-162 
-165 
-167 
-170 
-174 
-177 
-179 
-173 
-171 
-170 
-170 
-170 
-170 
-170 
-170 
-170 
-170 
-169 
-169 
-169 
-169 
-169 
-169 
-169 
-168 
-168 
-168 
-168 
-168 
-168 
-168 
-168 
-167 
-167 
-168 
-168 
-168 
-167 
-167 
-174 
-176 
-176 
-176 
-175 
-175 
-174 
-174 
-174 
-174 
-174 
-173 
-174 
-173 
-173 
-173 
-172 
-172 
-172 
-172 
-172 
-171 
-172 
-172 
-171 
-171 
-171 
-170 
-166 
-159 
-150 
-142 
-130 
-124 
-120 
-116 
-116 
-122 
-130 
-138 
-146 
-153 
-158 
-162 
-164 
-165 
-164 
-165 
-172 
-164 
-97 
20 
100 
30 
-80 
-148 
-177 
-183 
-181 
-176 
-173 
-171 
-169 
-175 
-121 
-117 
-113 
-108 
-102 
-97 
-96 
-100 
-105 
-111 
-119 
-129 
-138 
-146 
-151 
-156 
-159 
-161 
-163 
-166 
-168 
-164 
-167 
-170 
-171 
-171 
-171 
-171 
-171 
-171 
-171 
-171 
-171 
-170 
-170 
-170 
-170 
-170 
-169 
-169 
-169 
-169 
-169 
-169 
-168 
-169 
-168 
-169 
-168 
-168 
-168 
-168 
-168 
-175 
-176 
-176 
-176 
-175 
-175 
-175 
-174 
-174 
-174 
-174 
-174 
-174 
-174 
-173 
-173 
-173 
-173 
-173 
-173 
-172 
-172 
-172 
-172 
-172 
-172 
-171 
-171 
-171 
-171 
-171 
-167 
-153 
-142 
-134 
-129 
-125 
-121 
-117 
-116 
-121 
-129 
-137 
-145 
-152 
-158 
-162 
-164 
-165 
-165 
-165 
-170 
-170 
-115 
-4 
95 
50 
-63 
-140 
-175 
-184 
-181 
-177 
-181 
-181 
-179 
-178 
-177 
-171 
-164 
-156 
-149 
-141 
-134 
-130 
-126 
-123 
-120 
-117 
-113 
-107 
-102 
-97 
-97 
-101 
-106 
-112 
-121 
-131 
-140 
-147 
-152 
-157 
-159 
-162 
-157 
-157 
-159 
-163 
-168 
-170 
-172 
-172 
-172 
-171 
-171 
-171 
-171 
-171 
-171 
-170 
-170 
-170 
-170 
-170 
-170 
-170 
-169 
-169 
-169 
-169 
-169 
-169 
-168 
-168 
-168 
-168 
-175 
-177 
-177 
-176 
-176 
-176 
-175 
-175 
-175 
-174 
-174 
-174 
-174 
-174 
-174 
-173 
-174 
-173 
-173 
-173 
-173 
-173 
-172 
-172 
-172 
-172 
-172 
-172 
-171 
-171 
-171 
-171 
-164 
-161 
-157 
-150 
-142 
-134 
-130 
-125 
-121 
-117 
-117 
-122 
-130 
-138 
-146 
-153 
-158 
-163 
-164 
-165 
-165 
-165 
-172 
-166 
-103 
15 
99 
34 
-76 
-147 
-177 
-191 
-190 
-186 
-182 
-180 
-178 
-177 
-176 
-171 
-164 
-156 
-149 
-142 
-134 
-129 
-126 
-122 
-120 
-117 
-113 
-107 
-102 
-97 
-96 
-100 
-105 
-111 
-120 
-130 
-139 
-146 
-151 
-149 
-150 
-152 
-154 
-157 
-160 
-163 
-167 
-170 
-171 
-172 
-172 
-171 
-171 
-171 
-171 
-171 
-171 
-170 
-170 
-170 
-170 
-169 
-169 
-169 
-169 
-169 
-169 
-169 
-169 
-168 
-168 
-175 
-177 
-177 
-177 
-176 
-176 
-175 
-175 
-175 
-175 
-175 
-174 
-174 
-174 
-174 
-174 
-174 
-173 
-174 
-173 
-173 
-173 
-173 
-172 
-172 
-172 
-172 
-172 
-172 
-172 
-172 
-171 
-164 
-162 
-162 
-162 
-162 
-159 
-153 
-145 
-137 
-131 
-127 
-123 
-119 
-116 
-120 
-127 
-136 
-144 
-151 
-157 
-161 
-164 
-165 
-165 
-165 
-168 
-173 
-130 
-28 
84 
70 
-50 
-138 
-180 
-192 
-191 
-186 
-182 
-180 
-178 
-177 
-176 
-171 
-165 
-157 
-150 
-142 
-135 
-130 
-127 
-123 
-120 
-117 
-113 
-108 
-103 
-98 
-96 
-100 
-105 
-110 
-118 
-128 
-131 
-136 
-142 
-146 
-150 
-152 
-155 
-157 
-160 
-163 
-167 
-170 
-171 
-172 
-172 
-171 
-171 
-171 
-171 
-171 
-171 
-170 
-170 
