-128 
-128 
-128 
-128 
-127 
-127 
-127 
-128 
-129 
-132 
-135 
-133 
-129 
-132 
-130 
-128 
-125 
-118 
-111 
-109 
-110 
-113 
-118 
-120 
-125 
-130 
-131 
-133 
-132 
-125 
-156 
-218 
-158 
-40 
34 
15 
-44 
-90 
-118 
-132 
-135 
-136 
-119 
-116 
-114 
-112 
-110 
-109 
-109 
-107 
-103 
-97 
-91 
-90 
-90 
-88 
-90 
-94 
-98 
-104 
-107 
-113 
-116 
-116 
-118 
-118 
-126 
-129 
-132 
-135 
-136 
-138 
-138 
-138 
-138 
-139 
-139 
-138 
-138 
-137 
-138 
-138 
-138 
-138 
-138 
-138 
-137 
-137 
-137 
-138 
-137 
-137 
-137 
-137 
-137 
-137 
-137 
-137 
-129 
-127 
-127 
-127 
-128 
-128 
-128 
-128 
-128 
-128 
-128 
-127 
-128 
-127 
-128 
-128 
-128 
-128 
-128 
-128 
-127 
-127 
-127 
-127 
-127 
-127 
-127 
-127 
-127 
-127 
-128 
-130 
-139 
-143 
-142 
-137 
-132 
-128 
-126 
-121 
-113 
-109 
-109 
-112 
-116 
-119 
-124 
-129 
-132 
-133 
-133 
-127 
-147 
-210 
-175 
-55 
27 
23 
-34 
-84 
-115 
-129 
-134 
-137 
-120 
-116 
-114 
-111 
-111 
-109 
-109 
-108 
-104 
-98 
-92 
-91 
-90 
-88 
-90 
-92 
-97 
-104 
-107 
-111 
-115 
-122 
-127 
-128 
-129 
-129 
-131 
-134 
-136 
-137 
-138 
-139 
-138 
-139 
-139 
-138 
-138 
-138 
-138 
-139 
-138 
-138 
-138 
-138 
-137 
-137 
-137 
-137 
-138 
-137 
-137 
-137 
-137 
-129 
-127 
-127 
-127 
-127 
-127 
-127 
-128 
-128 
-128 
-128 
-128 
-128 
-128 
-128 
-128 
-127 
-127 
-127 
-127 
-128 
-128 
-128 
-128 
-128 
-128 
-128 
-128 
-128 
-127 
-127 
-127 
-135 
-138 
-142 
-144 
-141 
-136 
-132 
-129 
-127 
-123 
-117 
-111 
-109 
-110 
-113 
-117 
-121 
-125 
-129 
-132 
-133 
-131 
-128 
-176 
-225 
-108 
-8 
37 
-12 
-69 
-107 
-126 
-127 
-126 
-127 
-127 
-127 
-128 
-132 
-134 
-133 
-131 
-129 
-126 
-121 
-116 
-115 
-111 
-111 
-110 
-110 
-108 
-105 
-99 
-93 
-90 
-89 
-89 
-90 
-92 
-97 
-103 
-106 
-117 
-124 
-125 
-127 
-128 
-128 
-128 
-130 
-134 
-136 
-137 
-138 
-138 
-138 
-139 
-139 
-138 
-138 
-139 
-138 
-138 
-138 
-138 
-137 
-137 
-137 
-137 
-137 
-137 
-137 
-137 
-137 
-130 
-127 
-127 
-127 
-127 
-127 
-128 
-127 
-128 
-128 
-128 
-128 
-128 
-128 
-128 
-128 
-128 
-127 
-127 
-127 
-127 
-128 
-127 
-128 
-128 
-127 
-128 
-128 
-127 
-127 
-127 
-127 
-134 
-136 
-136 
-136 
-136 
-141 
-142 
-141 
-138 
-132 
-129 
-127 
-124 
-118 
-111 
-109 
-109 
-112 
-116 
-119 
-124 
-128 
-131 
-133 
-133 
-126 
-147 
-209 
-177 
-55 
26 
24 
-27 
-74 
-105 
-120 
-126 
-127 
-128 
-128 
-128 
-130 
-133 
-134 
-133 
-131 
-127 
-124 
-119 
-115 
-113 
-111 
-110 
-109 
-108 
-106 
-99 
-93 
-91 
-90 
-89 
-89 
-92 
-103 
-112 
-115 
-119 
-123 
-124 
-126 
-126 
-127 
-127 
-129 
-133 
-135 
-137 
-138 
-138 
-138 
-139 
-138 
-138 
-137 
-138 
-138 
-138 
-138 
-138 
-137 
-137 
-137 
-137 
-136 
-136 
-129 
-128 
-128 
-128 
-128 
-128 
-128 
-129 
-128 
-128 
-129 
-129 
-129 
-129 
-128 
-128 
-128 
-128 
-128 
-128 
-128 
-128 
-127 
-127 
-127 
-129 
-129 
-127 
-127 
-128 
-127 
-128 
-137 
-142 
-144 
-142 
-137 
-132 
-130 
-127 
-123 
-116 
-110 
-109 
-111 
-114 
-118 
-121 
-126 
-130 
-132 
-133 
-132 
-126 
-169 
-229 
-131 
-23 
39 
2 
-56 
-98 
-123 
-133 
-128 
-126 
-127 
-127 
-128 
-132 
-134 
-133 
-132 
-129 
-127 
-122 
-116 
-115 
-112 
-111 
-110 
-109 
-108 
-106 
-99 
-93 
-91 
-90 
-89 
-89 
-92 
-97 
-103 
-106 
-110 
-122 
-125 
-127 
-128 
-128 
-129 
-130 
-134 
-136 
-137 
-137 
-138 
-138 
-138 
-138 
-138 
-137 
-138 
-138 
-138 
-138 
-138 
-138 
-137 
-137 
-137 
-136 
-136 
-137 
-137 
-137 
-137 
-130 
-127 
-127 
-127 
-127 
-127 
-128 
-128 
-128 
-128 
-128 
-128 
-128 
-127 
-128 
-127 
-127 
-127 
-128 
-127 
-127 
-128 
-128 
-128 
-127 
-128 
-128 
-127 
-127 
-127 
-127 
-127 
-134 
-136 
-136 
-138 
-141 
-143 
-141 
-136 
-131 
-128 
-126 
-123 
-115 
-110 
-109 
-110 
-113 
-117 
-121 
-125 
-129 
-132 
-133 
-131 
-126 
-169 
-229 
-131 
-23 
40 
4 
-55 
-90 
-113 
-123 
-125 
-127 
-127 
-128 
-128 
-131 
-134 
-131 
-130 
-127 
-124 
-118 
-115 
-113 
-112 
-110 
-109 
-108 
-106 
-101 
-95 
-91 
-90 
-90 
-89 
-90 
-95 
-101 
-112 
-118 
-123 
-124 
-125 
-128 
-128 
-128 
-129 
-132 
-135 
-137 
-138 
-138 
-138 
-138 
-139 
-138 
-138 
-138 
-138 
-138 
-138 
-138 
-138 
-137 
-137 
-137 
-137 
-137 
-136 
-136 
-130 
-128 
-127 
-128 
-128 
-128 
-128 
-128 
-128 
-128 
-129 
-129 
-128 
-128 
-128 
-128 
-128 
-128 
-128 
-128 
-127 
-127 
-127 
-128 
-128 
-128 
-128 
-128 
-128 
-128 
-128 
-128 
-134 
-137 
-136 
-137 
-136 
-137 
-141 
-142 
-142 
-138 
-133 
-129 
-127 
-124 
-118 
-111 
-108 
-110 
-113 
-116 
-119 
-124 
-128 
-131 
-133 
-132 
-126 
-148 
-210 
-175 
-54 
28 
30 
-25 
-74 
-105 
-121 
-125 
-128 
-119 
-116 
-113 
-112 
-110 
-109 
-108 
-108 
-103 
-97 
-91 
-91 
-90 
-88 
-97 
-103 
-108 
-114 
-116 
-121 
-124 
-124 
-127 
-126 
-127 
-128 
-131 
-134 
-135 
-137 
-137 
-138 
-137 
-138 
-138 
-137 
-137 
-137 
-137 
-138 
-138 
-137 
-137 
-137 
-137 
-137 
-130 
-127 
-128 
-128 
-128 
-129 
-129 
-129 
-128 
-128 
-128 
-128 
-128 
-127 
-128 
-128 
-128 
-128 
-128 
-128 
-128 
-128 
-128 
-127 
-127 
-128 
-128 
-128 
-128 
-128 
-128 
-128 
-135 
-137 
-137 
-136 
-136 
-135 
-135 
-135 
-137 
-140 
-141 
-141 
-137 
-132 
-129 
-127 
-124 
-118 
-111 
-108 
-109 
-111 
-116 
-119 
-124 
-128 
-131 
-133 
-133 
-125 
-150 
-212 
-164 
-41 
39 
31 
-28 
-77 
-106 
-121 
-126 
-128 
-120 
-116 
-114 
-112 
-110 
-110 
-108 
-108 
-104 
-98 
-92 
-98 
-99 
-98 
-99 
-102 
-106 
-112 
-115 
-119 
-124 
-124 
-126 
-127 
-128 
-127 
-130 
-133 
-135 
-136 
-137 
-138 
-138 
-138 
-138 
-138 
-138 
-138 
-138 
-138 
-138 
-137 
-137 
-130 
-127 
-127 
-127 
-127 
-128 
-128 
-129 
-129 
-129 
-129 
-128 
-128 
-128 
-129 
-129 
-129 
-129 
-128 
-128 
-128 
-128 
-128 
-128 
-128 
-128 
-127 
-128 
-127 
-127 
-128 
-128 
-135 
-137 
-137 
-136 
-136 
-136 
-135 
-135 
-135 
-135 
-134 
-135 
-139 
-140 
-141 
-140 
-134 
-131 
-128 
-126 
-122 
-113 
-109 
-108 
-111 
-114 
-118 
-122 
-126 
-129 
-131 
-132 
-123 
-120 
-172 
-210 
-97 
-1 
46 
0 
-56 
-94 
-116 
-125 
-127 
-127 
-129 
-128 
-128 
-132 
-134 
-133 
-132 
-129 
-126 
-122 
