-165 
-165 
-165 
-165 
-164 
-164 
-164 
-165 
-165 
-162 
-157 
-148 
-139 
-140 
-137 
-133 
-129 
-126 
-129 
-136 
-144 
-152 
-160 
-165 
-170 
-173 
-173 
-173 
-173 
-176 
-182 
-143 
-45 
71 
68 
-43 
-132 
-176 
-191 
-191 
-186 
-182 
-123 
-120 
-117 
-114 
-110 
-107 
-103 
-97 
-91 
-89 
-90 
-94 
-100 
-107 
-117 
-127 
-135 
-141 
-146 
-151 
-153 
-155 
-157 
-159 
-169 
-175 
-179 
-181 
-181 
-181 
-181 
-180 
-180 
-180 
-180 
-179 
-179 
-178 
-178 
-178 
-178 
-178 
-178 
-178 
-177 
-177 
-177 
-177 
-176 
-176 
-176 
-176 
-176 
-176 
-176 
-176 
-168 
-166 
-166 
-166 
-166 
-166 
-166 
-166 
-166 
-166 
-166 
-165 
-166 
-165 
-165 
-165 
-165 
-165 
-165 
-165 
-164 
-164 
-164 
-164 
-164 
-164 
-164 
-164 
-164 
-164 
-164 
-164 
-167 
-163 
-154 
-146 
-140 
-134 
-130 
-126 
-126 
-132 
-140 
-149 
-157 
-163 
-169 
-173 
-174 
-173 
-173 
-175 
-182 
-154 
-62 
57 
81 
-25 
-121 
-172 
-190 
-190 
-186 
-183 
-124 
-120 
-117 
-114 
-111 
-108 
-104 
-98 
-92 
-89 
-90 
-94 
-100 
-106 
-116 
-125 
-134 
-141 
-146 
-150 
-152 
-161 
-166 
-168 
-171 
-174 
-178 
-180 
-181 
-181 
-181 
-181 
-180 
-180 
-180 
-179 
-179 
-179 
-179 
-179 
-178 
-178 
-178 
-178 
-177 
-177 
-177 
-177 
-177 
-176 
-176 
-176 
-176 
-168 
-166 
-166 
-166 
-166 
-166 
-166 
-166 
-166 
-166 
-166 
-166 
-166 
-166 
-166 
-166 
-165 
-165 
-165 
-165 
-165 
-165 
-165 
-165 
-165 
-165 
-165 
-165 
-165 
-164 
-164 
-164 
-171 
-172 
-169 
-163 
-154 
-145 
-140 
-135 
-131 
-127 
-126 
-130 
-137 
-145 
-153 
-160 
-166 
-170 
-172 
-173 
-173 
-173 
-179 
-176 
-114 
5 
92 
22 
-90 
-159 
-187 
-191 
-181 
-174 
-171 
-169 
-168 
-168 
-166 
-161 
-154 
-146 
-139 
-132 
-125 
-121 
-118 
-114 
-112 
-109 
-105 
-99 
-93 
-89 
-90 
-93 
-98 
-105 
-115 
-124 
-133 
-140 
-145 
-156 
-161 
-163 
-166 
-168 
-170 
-173 
-177 
-180 
-181 
-181 
-181 
-180 
-180 
-180 
-180 
-179 
-179 
-179 
-178 
-178 
-178 
-178 
-177 
-177 
-177 
-177 
-177 
-177 
-176 
-176 
-176 
-169 
-166 
-166 
-166 
-166 
-166 
-167 
-166 
-167 
-167 
-166 
-166 
-166 
-166 
-166 
-166 
-166 
-165 
-165 
-165 
-165 
-165 
-165 
-165 
-165 
-164 
-165 
-165 
-164 
-164 
-164 
-164 
-171 
-173 
-173 
-173 
-172 
-170 
-164 
-156 
-148 
-141 
-136 
-132 
-128 
-125 
-127 
-134 
-142 
-150 
-158 
-164 
-169 
-172 
-173 
-173 
-173 
-174 
-182 
-154 
-64 
57 
81 
-24 
-113 
-162 
-180 
-181 
-177 
-173 
-171 
-169 
-168 
-168 
-164 
-158 
-151 
-144 
-136 
-129 
-123 
-119 
-116 
-113 
-110 
-105 
-100 
-94 
-89 
-89 
-93 
-98 
-104 
-113 
-123 
-139 
-149 
-154 
-158 
-161 
-162 
-165 
-166 
-169 
-172 
-176 
-179 
-180 
-181 
-181 
-180 
-180 
-180 
-179 
-179 
-178 
-178 
-178 
-178 
-178 
-178 
-177 
-177 
-177 
-177 
-176 
-176 
-169 
-167 
-167 
-167 
-167 
-167 
-167 
-168 
-167 
-167 
-167 
-167 
-167 
-167 
-166 
-166 
-166 
-166 
-166 
-166 
-166 
-166 
-165 
-165 
-165 
-166 
-166 
-164 
-164 
-164 
-164 
-164 
-171 
-169 
-163 
-154 
-146 
-140 
-136 
-131 
-127 
-126 
-130 
-137 
-146 
-154 
-161 
-166 
-171 
-173 
-173 
-173 
-173 
-178 
-179 
-127 
-18 
85 
47 
-67 
-146 
-182 
-192 
-190 
-178 
-171 
-169 
-168 
-168 
-167 
-162 
-155 
-148 
-140 
-133 
-126 
-121 
-118 
-115 
-112 
-109 
-105 
-100 
-94 
-89 
-89 
-93 
-98 
-105 
-114 
-124 
-133 
-140 
-145 
-149 
-159 
-164 
-166 
-168 
-170 
-174 
-177 
-180 
-181 
-181 
-180 
-180 
-180 
-179 
-179 
-179 
-178 
-178 
-178 
-178 
-178 
-178 
-178 
-177 
-177 
-177 
-176 
-176 
-176 
-176 
-176 
-176 
-169 
-166 
-166 
-166 
-166 
-166 
-166 
-166 
-166 
-166 
-166 
-166 
-166 
-165 
-166 
-165 
-165 
-165 
-166 
-165 
-165 
-165 
-165 
-165 
-164 
-165 
-165 
-164 
-164 
-164 
-164 
-164 
-171 
-173 
-173 
-172 
-168 
-162 
-153 
-145 
-139 
-134 
-130 
-127 
-125 
-130 
-137 
-145 
-153 
-160 
-166 
-170 
-172 
-173 
-173 
-173 
-178 
-178 
-127 
-18 
85 
48 
-65 
-145 
-174 
-182 
-180 
-175 
-172 
-170 
-169 
-168 
-167 
-163 
-149 
-142 
-135 
-128 
-122 
-119 
-116 
-113 
-110 
-106 
-101 
-95 
-90 
-89 
-92 
-97 
-103 
-111 
-120 
-130 
-138 
-150 
-157 
-161 
-162 
-164 
-167 
-169 
-172 
-175 
-179 
-180 
-181 
-181 
-180 
-180 
-180 
-180 
-179 
-179 
-179 
-178 
-178 
-178 
-178 
-178 
-177 
-177 
-177 
-177 
-177 
-176 
-176 
-169 
-167 
-166 
-167 
-167 
-167 
-167 
-167 
-167 
-167 
-167 
-167 
-166 
-166 
-166 
-166 
-166 
-166 
-166 
-166 
-165 
-165 
-165 
-165 
-165 
-165 
-165 
-165 
-165 
-165 
-165 
-165 
-171 
-174 
-173 
-173 
-172 
-172 
-170 
-164 
-156 
-147 
-141 
-136 
-132 
-128 
-125 
-127 
-134 
-143 
-151 
-158 
-164 
-169 
-172 
-173 
-173 
-172 
-174 
-182 
-153 
-62 
58 
80 
-19 
-112 
-162 
-180 
-182 
-177 
-174 
-123 
-120 
-116 
-114 
-110 
-107 
-102 
-97 
-91 
-89 
-91 
-96 
-101 
-108 
-125 
-137 
-145 
-151 
-155 
-159 
-161 
-163 
-166 
-167 
-170 
-174 
-178 
-180 
-180 
-180 
-180 
-180 
-179 
-179 
-179 
-178 
-178 
-178 
-178 
-178 
-178 
-177 
-177 
-177 
-177 
-177 
-170 
-167 
-167 
-167 
-167 
-168 
-168 
-168 
-167 
-167 
-167 
-167 
-166 
-166 
-166 
-166 
-166 
-166 
-166 
-166 
-166 
-166 
-166 
-165 
-165 
-165 
-165 
-165 
-165 
-165 
-165 
-165 
-172 
-174 
-174 
-173 
-173 
-172 
-172 
-172 
-172 
-169 
-163 
-155 
-147 
-140 
-136 
-132 
-128 
-125 
-128 
-134 
-142 
-150 
-158 
-164 
-169 
-172 
-173 
-173 
-173 
-174 
-182 
-151 
-51 
71 
87 
-20 
-115 
-164 
-181 
-182 
-178 
-174 
-124 
-120 
-117 
-114 
-111 
-108 
-103 
-98 
-92 
-89 
-90 
-102 
-109 
-116 
-125 
-134 
-143 
-149 
-154 
-158 
-161 
-163 
-165 
-167 
-170 
-173 
-177 
-179 
-180 
-180 
-180 
-180 
-180 
-179 
-179 
-179 
-179 
-178 
-178 
-178 
-178 
-177 
-177 
-170 
-167 
-167 
-167 
-167 
-167 
-167 
-168 
-168 
-168 
-168 
-167 
-167 
-167 
-167 
-167 
-167 
-167 
-166 
-166 
-166 
-166 
-166 
-166 
-166 
-166 
-165 
-166 
-165 
-165 
-165 
-165 
-172 
-174 
-174 
-173 
-173 
-173 
-172 
-172 
-172 
-172 
-171 
-171 
-171 
-166 
-159 
-151 
-143 
-138 
-134 
-130 
-126 
-125 
-130 
-138 
-147 
-155 
-161 
-167 
-170 
-172 
-172 
-172 
-166 
-170 
-164 
-99 
16 
100 
34 
-76 
-146 
-176 
-183 
-180 
-176 
-172 
-171 
-169 
-168 
-167 
-162 
-155 
-148 
-140 
-133 
-126 
-121 
-118 
-115 
-112 
-109 
-105 
-100 
-101 
-98 
-98 
-102 
-107 
-112 
-121 
-131 
-140 
-148 
-152 
-157 
-160 
-162 
-165 
-167 
-169 
-172 
-177 
-179 
-180 
-180 
-180 
-179 
-179 
-179 
-179 
-179 
-178 
-178 
-178 
-178 
-171 
-168 
-168 
-168 
-168 
-168 
-168 
-168 
-168 
-168 
-168 
-168 
-168 
-167 
-167 
-167 
-167 
-167 
-167 
-167 
-167 
-167 
-167 
-167 
-167 
-167 
-166 
-166 
-166 
-166 
-166 
-165 
-173 
-174 
-174 
-174 
-173 
-173 
-173 
-173 
-172 
-172 
-172 
-172 
-172 
-172 
-171 
-169 
-163 
-155 
-146 
-140 
-135 
-131 
-127 
-125 
-127 
-134 
-142 
-151 
-158 
-164 
-169 
-172 
-166 
-164 
-163 
-166 
-173 
-138 
-42 
75 
80 
-28 
-120 
-166 
-182 
-182 
-177 
-174 
-124 
-121 
-117 
-114 
-111 
-115 
-113 
-107 
-101 
-97 
-99 
-103 
-109 
-115 
-125 
-134 
-143 
-149 
-154 
-158 
-160 
-162 
-165 
-167 
-170 
-173 
-177 
-179 
-180 
-180 
-180 
-180 
-179 
-179 
-179 
-179 
-178 
-171 
-169 
-169 
-169 
-169 
-169 
-169 
-169 
-168 
-168 
-168 
-168 
-168 
-168 
-168 
-168 
-168 
-167 
-167 
-167 
-167 
-167 
-167 
-167 
-167 
-166 
-166 
-166 
-166 
-166 
-166 
-166 
-173 
-175 
-175 
-174 
-174 
-174 
-173 
-173 
-173 
-172 
-172 
-172 
-172 
-172 
-172 
-171 
-171 
-171 
-170 
-166 
-159 
-150 
-143 
-138 
-134 
-129 
-125 
-125 
-131 
-139 
-147 
-155 
-154 
-157 
-161 
-163 
-164 
-164 
-165 
-172 
-162 
-92 
28 
100 
22 
-86 
-152 
-179 
-184 
-180 
-176 
-172 
-171 
-169 
-168 
-166 
-160 
-153 
-145 
-138 
-130 
-124 
-121 
-124 
-124 
-121 
-117 
-112 
-106 
-100 
-97 
-98 
-103 
-108 
-115 
-124 
-134 
-143 
-149 
-154 
-158 
-160 
-162 
-164 
-167 
-170 
-173 
-177 
-179 
-180 
-180 
-180 
-180 
-179 
-179 
-172 
-169 
-169 
-169 
-169 
-169 
-169 
-169 
-169 
-169 
-169 
-169 
-169 
-169 
-168 
-168 
-168 
-168 
-168 
-168 
-168 
-168 
-168 
-167 
-167 
-167 
-167 
-167 
-167 
-167 
-167 
-166 
-173 
-175 
-175 
-175 
-174 
-174 
-174 
-174 
-173 
-173 
-173 
-173 
-173 
-173 
-172 
-172 
-172 
-172 
-172 
-172 
-171 
-171 
-168 
-161 
-153 
-144 
-139 
-134 
-130 
-126 
-125 
-130 
-131 
-137 
-145 
-152 
-158 
-162 
-164 
-165 
-164 
-165 
-171 
-166 
-103 
12 
99 
37 
-74 
-145 
-176 
-184 
-181 
-176 
-173 
-171 
-170 
-169 
-167 
-163 
-156 
-148 
-141 
-140 
-136 
-131 
-127 
-124 
-121 
-117 
-113 
-108 
-102 
-98 
-97 
-101 
-106 
-112 
-121 
-131 
-140 
-147 
-152 
-156 
-159 
-161 
-164 
-165 
-168 
-171 
-175 
-178 
-180 
-180 
-180 
-172 
-170 
-169 
-169 
-170 
-170 
-170 
-170 
-169 
-169 
-170 
-169 
-169 
-169 
-169 
-169 
-169 
-169 
-168 
-168 
-168 
-168 
-168 
-168 
-168 
-167 
-167 
-167 
-167 
-167 
-167 
-167 
-173 
-176 
-176 
-175 
-175 
-174 
-174 
-174 
-174 
-173 
-173 
-173 
-173 
-173 
-172 
-172 
-172 
-172 
-172 
-172 
-172 
-171 
-171 
-171 
-171 
-169 
-164 
-156 
-147 
-141 
-136 
-132 
-121 
-116 
-117 
-125 
-134 
-143 
-151 
-157 
-162 
-164 
-165 
-165 
-165 
-171 
-165 
-98 
24 
100 
24 
-84 
-150 
-178 
-183 
-180 
-176 
-173 
-171 
-170 
-169 
-120 
-117 
-113 
-108 
-102 
-97 
-97 
-100 
-106 
-112 
-120 
-130 
-139 
-147 
-151 
-156 
-159 
-161 
-163 
-165 
-168 
-171 
-175 
-178 
-173 
-171 
-170 
-171 
-171 
-171 
-171 
-171 
-170 
-170 
-170 
-170 
-170 
-170 
-169 
-169 
-169 
-169 
-169 
-169 
-169 
-168 
-168 
-168 
-168 
-168 
-168 
-168 
-167 
-167 
-167 
-167 
-174 
-176 
-176 
-176 
-175 
-175 
-175 
-175 
-174 
-174 
-174 
-173 
-173 
-173 
-173 
-173 
-173 
-173 
-172 
-172 
-172 
-172 
-172 
-172 
-172 
-171 
-171 
-171 
-169 
-165 
-157 
-148 
-134 
-127 
-123 
-119 
-116 
-117 
-123 
-132 
-140 
-148 
-154 
-160 
-163 
-164 
-165 
-165 
-166 
-174 
-156 
-73 
51 
94 
-9 
-110 
-163 
-182 
-183 
-179 
-175 
-172 
-170 
-176 
-177 
-173 
-166 
-158 
-151 
-143 
-136 
-130 
-127 
-124 
-121 
-118 
-114 
-109 
-103 
-98 
-97 
-100 
-105 
-111 
-119 
-129 
-138 
-146 
-151 
-155 
-159 
-161 
-163 
-165 
-168 
-164 
-165 
-169 
-170 
-171 
-171 
-171 
-171 
-171 
-171 
-170 
-170 
-170 
-170 
-170 
-170 
-170 
-169 
-169 
-169 
-169 
-169 
-169 
-169 
-169 
-169 
-169 
-168 
-168 
-168 
-168 
-168 
-174 
-176 
-177 
-176 
-176 
-175 
-175 
-174 
-174 
-174 
-174 
-174 
-174 
-174 
-174 
-173 
-173 
-173 
-173 
-173 
-172 
-171 
-171 
-171 
-170 
-165 
-158 
-149 
-142 
-137 
-133 
-128 
-118 
-116 
-121 
-130 
-138 
-146 
-153 
-158 
-162 
-164 
-165 
-164 
-165 
-172 
-161 
-88 
30 
100 
21 
-87 
-152 
-178 
-183 
-180 
-176 
-172 
-171 
-169 
-168 
-166 
-160 
-160 
-155 
-147 
-140 
-133 
-129 
-125 
-122 
-119 
-116 
-111 
-105 
-99 
-96 
-98 
-103 
-109 
-116 
-126 
-136 
-144 
-150 
-155 
-158 
-160 
-162 
-165 
-167 
-170 
-174 
-177 
-179 
-173 
-171 
-170 
-170 
-170 
-170 
-170 
-170 
-170 
-170 
-169 
-169 
-169 
-169 
-169 
-169 
-169 
-168 
-168 
-168 
-168 
-168 
-168 
-168 
-168 
-167 
-167 
-168 
-168 
-168 
-167 
-167 
-174 
-176 
-176 
-176 
-175 
-175 
-174 
-174 
-174 
-174 
-174 
-173 
-174 
-173 
-173 
-173 
-172 
-172 
-172 
-172 
-172 
-171 
-172 
-172 
-171 
-171 
-171 
-170 
-166 
-159 
-150 
-142 
-130 
-124 
-120 
-116 
-116 
-122 
-130 
-138 
-146 
-153 
-158 
-162 
-164 
-165 
-164 
-165 
-172 
-164 
-97 
20 
100 
30 
-80 
-148 
-177 
-183 
-181 
-176 
-173 
-171 
-169 
-175 
-121 
-117 
-113 
-108 
-102 
-97 
-96 
-100 
-105 
-111 
-119 
-129 
-138 
-146 
-151 
-156 
-159 
-161 
-163 
-166 
-168 
-164 
-167 
-170 
-171 
-171 
-171 
-171 
-171 
-171 
-171 
-171 
-171 
-170 
-170 
-170 
-170 
-170 
-169 
-169 
-169 
-169 
-169 
-169 
-168 
-169 
-168 
-169 
-168 
-168 
-168 
-168 
-168 
-175 
-176 
-176 
-176 
-175 
-175 
-175 
-174 
-174 
-174 
-174 
-174 
-174 
-174 
-173 
-173 
-173 
-173 
-173 
-173 
-172 
-172 
-172 
-172 
-172 
-172 
-171 
-171 
-171 
-171 
-171 
-167 
-153 
-142 
-134 
-129 
-125 
-121 
-117 
-116 
-121 
-129 
-137 
-145 
-152 
-158 
-162 
-164 
-165 
-165 
-165 
-170 
-170 
-115 
-4 
95 
50 
-63 
-140 
-175 
-184 
-181 
-177 
-181 
-181 
-179 
-178 
-177 
-171 
-164 
-156 
-149 
-141 
-134 
-130 
-126 
-123 
-120 
-117 
-113 
-107 
-102 
-97 
-97 
-101 
-106 
-112 
-121 
-131 
-140 
-147 
-152 
-157 
-159 
-162 
-157 
-157 
-159 
-163 
-168 
-170 
-172 
-172 
-172 
-171 
-171 
-171 
-171 
-171 
-171 
-170 
-170 
-170 
-170 
-170 
-170 
-170 
-169 
-169 
-169 
-169 
-169 
-169 
-168 
-168 
-168 
-168 
-175 
-177 
-177 
-176 
-176 
-176 
-175 
-175 
-175 
-174 
-174 
-174 
-174 
-174 
-174 
-173 
-174 
-173 
-173 
-173 
-173 
-173 
-172 
-172 
-172 
-172 
-172 
-172 
-171 
-171 
-171 
-171 
-164 
-161 
-157 
-150 
-142 
-134 
-130 
-125 
-121 
-117 
-117 
-122 
-130 
-138 
-146 
-153 
-158 
-163 
-164 
-165 
-165 
-165 
-172 
-166 
-103 
15 
99 
34 
-76 
-147 
-177 
-191 
-190 
-186 
-182 
-180 
-178 
-177 
-176 
-171 
-164 
-156 
-149 
-142 
-134 
-129 
-126 
-122 
-120 
-117 
-113 
-107 
-102 
-97 
-96 
-100 
-105 
-111 
-120 
-130 
-139 
-146 
-151 
-149 
-150 
-152 
-154 
-157 
-160 
-163 
-167 
-170 
-171 
-172 
-172 
-171 
-171 
-171 
-171 
-171 
-171 
-170 
-170 
-170 
-170 
-169 
-169 
-169 
-169 
-169 
-169 
-169 
-169 
-168 
-168 
-175 
-177 
-177 
-177 
-176 
-176 
-175 
-175 
-175 
-175 
-175 
-174 
-174 
-174 
-174 
-174 
-174 
-173 
-174 
-173 
-173 
-173 
-173 
-172 
-172 
-172 
-172 
-172 
-172 
-172 
-172 
-171 
-164 
-162 
-162 
-162 
-162 
-159 
-153 
-145 
-137 
-131 
-127 
-123 
-119 
-116 
-120 
-127 
-136 
-144 
-151 
-157 
-161 
-164 
-165 
-165 
-165 
-168 
-173 
-130 
-28 
84 
70 
-50 
-138 
-180 
-192 
-191 
-186 
-182 
-180 
-178 
-177 
-176 
-171 
-165 
-157 
-150 
-142 
-135 
-130 
-127 
-123 
-120 
-117 
-113 
-108 
-103 
-98 
-96 
-100 
-105 
-110 
-118 
-128 
-131 
-136 
-142 
-146 
-150 
-152 
-155 
-157 
-160 
-163 
-167 
-170 
-171 
-172 
-172 
-171 
-171 
-171 
-171 
-171 
-171 
-170 
-170 
-170 
-170 
-170 
-170 
-170 
-169 
-170 
-169 
-169 
-176 
-177 
-177 
-177 
-177 
-177 
-176 
-176 
-176 
-176 
-175 
-175 
-175 
-175 
-174 
-174 
-174 
-174 
-174 
-174 
-174 
-173 
-173 
-173 
-173 
-173 
-172 
-172 
-172 
-171 
-171 
-169 
-157 
-147 
-138 
-132 
-127 
-123 
-119 
-116 
-117 
-124 
-132 
-141 
-149 
-154 
-160 
-163 
-164 
-165 
-165 
-166 
-174 
-151 
-67 
54 
95 
-5 
-105 
-160 
-181 
-183 
-179 
-182 
-181 
-180 
-178 
-177 
-173 
-167 
-160 
-152 
-145 
-138 
-131 
-128 
-125 
-121 
-118 
-115 
-110 
-105 
-99 
-96 
-98 
-103 
-108 
-116 
-125 
-135 
-143 
-149 
-154 
-158 
-160 
-155 
-155 
-157 
-160 
-164 
-169 
-171 
-172 
-172 
-171 
-171 
-171 
-171 
-171 
-171 
-170 
-170 
-170 
-170 
-170 
-169 
-169 
-169 
-169 
-169 
-169 
-168 
-168 
-168 
-168 
-168 
-168 
-175 
-177 
-177 
-177 
-176 
-176 
-175 
-175 
-175 
-175 
-175 
-174 
-174 
-174 
-174 
-174 
-173 
-173 
-174 
-173 
-173 
-173 
-173 
-172 
-172 
-172 
-172 
-172 
-172 
-172 
-172 
-171 
-164 
-162 
-160 
-154 
-146 
-138 
-132 
-127 
-123 
-119 
-117 
-119 
-125 
-134 
-142 
-149 
-155 
-160 
-163 
-165 
-165 
-164 
-166 
-174 
-147 
-58 
62 
90 
-14 
-111 
-163 
-189 
-192 
-188 
-184 
-181 
-179 
-178 
-176 
-174 
-167 
-160 
-153 
-145 
-138 
-132 
-128 
-125 
-122 
-119 
-115 
-111 
-105 
-99 
-96 
-98 
-102 
-108 
-114 
-124 
-134 
-142 
-149 
-147 
-148 
-150 
-153 
-156 
-158 
-161 
-165 
-168 
-171 
-171 
-171 
-171 
-172 
-171 
-171 
-171 
-171 
-170 
-170 
-170 
-170 
-170 
-170 
-169 
-169 
-169 
-169 
-169 
-169 
-169 
-168 
-176 
-178 
-178 
-177 
-177 
-176 
-176 
-176 
-175 
-175 
-175 
-175 
-175 
-174 
-174 
-174 
-174 
-174 
-174 
-173 
-174 
-173 
-173 
-173 
-173 
-173 
-172 
-172 
-172 
-172 
-172 
-172 
-164 
-162 
-162 
-163 
-163 
-162 
-158 
-150 
-142 
-134 
-130 
-125 
-121 
-117 
-117 
-123 
-131 
-139 
-147 
-154 
-159 
-163 
-165 
-165 
-165 
-165 
-173 
-162 
-90 
28 
100 
15 
-96 
-161 
-188 
-193 
-189 
-184 
-134 
-129 
-126 
-123 
-120 
-117 
-113 
-108 
-102 
-97 
-97 
-100 
-105 
-111 
-119 
-122 
-129 
-137 
-142 
-147 
-150 
-152 
-155 
-157 
-160 
-163 
-167 
-170 
-171 
-172 
-172 
-172 
-171 
-171 
-171 
-171 
-170 
-170 
-170 
-170 
-170 
-170 
-170 
-170 
-169 
-169 
-169 
-176 
-178 
-178 
-177 
-177 
-177 
-176 
-176 
-175 
-175 
-175 
-176 
-175 
-175 
-175 
-175 
-175 
-174 
-174 
-174 
-174 
-173 
-173 
-173 
-173 
-173 
-173 
-172 
-172 
-172 
-172 
-172 
-165 
-162 
-162 
-163 
-163 
-163 
-162 
-163 
-163 
-161 
-156 
-148 
-140 
-133 
-128 
-124 
-120 
-117 
-119 
-126 
-134 
-143 
-150 
-156 
-161 
-164 
-165 
-165 
-165 
-168 
-173 
-142 
-45 
70 
67 
-44 
-133 
-177 
-191 
-190 
-186 
-182 
-179 
-178 
-177 
-120 
-117 
-114 
-109 
-103 
-98 
-96 
-99 
-97 
-100 
-108 
-118 
-128 
-136 
-142 
-147 
-150 
-152 
-154 
-157 
-159 
-162 
-166 
-170 
-171 
-172 
-172 
-172 
-171 
-171 
-171 
-170 
-170 
-170 
-170 
-170 
-170 
-170 
-170 
-170 
-177 
-178 
-178 
-178 
-178 
-177 
-177 
-177 
-176 
-176 
-176 
-176 
-176 
-175 
-175 
-175 
-175 
-174 
-174 
-174 
-174 
-174 
-173 
-173 
-173 
-173 
-173 
-173 
-172 
-172 
-172 
-172 
-165 
-163 
-162 
-163 
-163 
-163 
-163 
-163 
-163 
-163 
-163 
-163 
-162 
-157 
-151 
-142 
-134 
-129 
-125 
-121 
-117 
-117 
-122 
-130 
-138 
-146 
-153 
-159 
-163 
-165 
-165 
-172 
-175 
-183 
-165 
-82 
42 
86 
-15 
-116 
-170 
-189 
-192 
-187 
-183 
-131 
-128 
-124 
-121 
-118 
-115 
-110 
-104 
-92 
-86 
-88 
-93 
-99 
-106 
-116 
-125 
-134 
-140 
-146 
-150 
-152 
-154 
-156 
-159 
-162 
-165 
-169 
-171 
-172 
-172 
-172 
-172 
-171 
-171 
-171 
-171 
-171 
-171 
-171 
-170 
-177 
-179 
-179 
-178 
-178 
-178 
-178 
-177 
-177 
-177 
-176 
-176 
-176 
-176 
-176 
-176 
-176 
-176 
-175 
-175 
-175 
-174 
-174 
-174 
-174 
-174 
-174 
-174 
-174 
-173 
-173 
-173 
-166 
-164 
-163 
-163 
-163 
-164 
-163 
-163 
-163 
-163 
-163 
-163 
-163 
-163 
-163 
-162 
-157 
-150 
-141 
-134 
-129 
-125 
-121 
-117 
-118 
-124 
-132 
-140 
-148 
-154 
-160 
-170 
-174 
-175 
-174 
-175 
-182 
-168 
-91 
29 
91 
2 
-106 
-166 
-189 
-191 
-187 
-183 
-180 
-178 
-177 
-176 
-171 
-164 
-157 
-150 
-142 
-135 
-130 
-126 
-123 
-120 
-117 
-106 
-99 
-93 
-88 
-87 
-91 
-96 
-103 
-111 
-121 
-130 
-138 
-143 
-148 
-151 
-153 
-155 
-158 
-161 
-164 
-168 
-171 
-172 
-173 
-172 
-172 
-172 
-171 
-171 
-171 
-171 
-171 
-178 
-180 
-179 
-179 
-179 
-178 
-178 
-178 
-178 
-177 
-177 
-177 
-177 
-176 
-176 
-176 
-176 
-175 
-176 
-175 
-175 
-175 
-175 
-174 
-174 
-174 
-174 
-174 
-174 
-173 
-173 
-173 
-166 
-164 
-163 
-164 
-164 
-164 
-164 
-164 
-164 
