-75 
-75 
-75 
-74 
-74 
-74 
-74 
-74 
-72 
-60 
-45 
-30 
-20 
-17 
-14 
-10 
-8 
-16 
-36 
-54 
-68 
-78 
-85 
-90 
-91 
-87 
-84 
-81 
-82 
-102 
-52 
151 
227 
222 
68 
-117 
-177 
-173 
-146 
-119 
-102 
-92 
-9 
-9 
-6 
-5 
-1 
4 
12 
21 
25 
17 
2 
-9 
-21 
-39 
-55 
-67 
-74 
-75 
-79 
-77 
-75 
-79 
-79 
-82 
-86 
-92 
-94 
-92 
-90 
-87 
-86 
-85 
-84 
-83 
-82 
-82 
-82 
-82 
-81 
-81 
-81 
-81 
-81 
-80 
-80 
-80 
-80 
-79 
-79 
-79 
-79 
-79 
-79 
-79 
-78 
-78 
-78 
-78 
-78 
-78 
-77 
-77 
-77 
-77 
-77 
-77 
-76 
-77 
-76 
-76 
-75 
-75 
-75 
-75 
-75 
-75 
-75 
-75 
-75 
-74 
-74 
-74 
-74 
-74 
-74 
-74 
-73 
-68 
-56 
-40 
-25 
-19 
-16 
-13 
-8 
-10 
-26 
-46 
-62 
-74 
-83 
-89 
-91 
-88 
-84 
-81 
-81 
-97 
-70 
113 
227 
224 
108 
-97 
-174 
-176 
-151 
-123 
-104 
-93 
-8 
-9 
-6 
-6 
-1 
3 
11 
20 
24 
18 
4 
-7 
-20 
-36 
-53 
-66 
-74 
-75 
-78 
-78 
-75 
-78 
-79 
-81 
-85 
-91 
-94 
-93 
-91 
-88 
-86 
-85 
-84 
-83 
-83 
-82 
-82 
-82 
-82 
-81 
-81 
-80 
-80 
-80 
-81 
-80 
-80 
-80 
-79 
-79 
-79 
-79 
-79 
-78 
-78 
-78 
-78 
-78 
-78 
-78 
-77 
-77 
-77 
-77 
-77 
-77 
-76 
-76 
-76 
-76 
-76 
-76 
-76 
-75 
-75 
-75 
-75 
-75 
-74 
-75 
-74 
-74 
-74 
-74 
-74 
-73 
-68 
-55 
-39 
-26 
-19 
-16 
-13 
-9 
-8 
-19 
-39 
-56 
-70 
-80 
-86 
-91 
-90 
-87 
-83 
-80 
-84 
-103 
-1 
222 
227 
201 
-31 
-156 
-180 
-160 
-130 
-109 
-96 
-88 
-84 
-82 
-80 
-69 
-55 
-42 
-30 
-21 
-12 
-8 
-10 
-6 
-6 
-2 
2 
10 
18 
24 
20 
7 
-6 
-18 
-33 
-51 
-64 
-73 
-75 
-78 
-78 
-75 
-77 
-79 
-80 
-84 
-90 
-94 
-93 
-91 
-89 
-86 
-85 
-84 
-83 
-83 
-82 
-82 
-81 
-81 
-81 
-81 
-81 
-80 
-80 
-80 
-80 
-80 
-80 
-79 
-79 
-79 
-79 
-79 
-79 
-79 
-78 
-78 
-78 
-78 
-78 
-78 
-77 
-77 
-77 
-77 
-77 
-77 
-76 
-76 
-76 
-76 
-76 
-75 
-76 
-75 
-75 
-75 
-75 
-75 
-75 
-75 
-75 
-74 
-74 
-74 
-74 
-74 
-72 
-59 
-45 
-30 
-20 
-18 
-14 
-10 
-8 
-14 
-33 
-51 
-66 
-77 
-84 
-90 
-91 
-88 
-85 
-81 
-80 
-97 
-70 
111 
226 
224 
110 
-96 
-173 
-176 
-151 
-122 
-103 
-93 
-87 
-83 
-81 
-76 
-62 
-49 
-37 
-27 
-18 
-10 
-9 
-8 
-6 
-4 
0 
8 
17 
24 
20 
8 
-5 
-17 
-31 
-49 
-63 
-72 
-75 
-78 
-78 
-76 
-77 
-79 
-80 
-84 
-90 
-94 
-93 
-91 
-88 
-86 
-85 
-84 
-83 
-82 
-82 
-82 
-81 
-81 
-81 
-81 
-81 
-81 
-80 
-80 
-80 
-80 
-80 
-80 
-79 
-79 
-79 
-79 
-79 
-79 
-79 
-78 
-78 
-77 
-77 
-77 
-77 
-77 
-77 
-77 
-77 
-76 
-76 
-76 
-76 
-76 
-76 
-76 
-75 
-75 
-74 
-74 
-73 
-74 
-73 
-68 
-55 
-39 
-25 
-19 
-16 
-13 
-9 
-9 
-20 
-40 
-57 
-70 
-81 
-86 
-91 
-90 
-86 
-83 
-80 
-83 
-104 
-21 
204 
227 
217 
16 
-139 
-180 
-168 
-139 
-115 
-100 
-91 
-85 
-82 
-80 
-70 
-56 
-44 
-32 
-22 
-13 
-9 
-10 
-7 
-6 
-2 
2 
9 
17 
24 
21 
8 
-5 
-17 
-32 
-50 
-64 
-73 
-75 
-78 
-78 
-75 
-78 
-79 
-80 
-85 
-91 
-94 
-93 
-90 
-88 
-86 
-85 
-84 
-83 
-82 
-82 
-82 
-81 
-81 
-81 
-81 
-81 
-81 
-80 
-80 
-80 
-80 
-80 
-79 
-79 
-79 
-79 
-79 
-79 
-78 
-78 
-78 
-78 
-77 
-77 
-77 
-77 
-77 
-77 
-77 
-77 
-76 
-76 
-76 
-76 
-76 
-76 
-76 
-75 
-75 
-75 
-75 
-75 
-75 
-75 
-75 
-74 
-74 
-74 
-74 
-74 
-74 
-68 
-55 
-39 
-25 
-19 
-16 
-13 
-9 
-9 
-20 
-40 
-57 
-70 
-81 
-86 
-90 
-90 
-86 
-83 
-80 
-84 
-104 
-19 
204 
227 
217 
17 
-138 
-180 
-169 
-139 
-115 
-100 
-91 
-86 
-82 
-81 
-73 
-59 
-36 
-25 
-16 
-9 
-9 
-8 
-6 
-3 
0 
6 
15 
23 
23 
13 
-2 
-14 
-26 
-45 
-60 
-70 
-75 
-76 
-78 
-77 
-76 
-79 
-79 
-83 
-88 
-93 
-94 
-91 
-89 
-87 
-85 
-84 
-84 
-83 
-83 
-82 
-82 
-81 
-81 
-81 
-81 
-80 
-80 
-80 
-80 
-80 
-80 
-80 
-80 
-79 
-79 
-79 
-78 
-78 
-78 
-78 
-78 
-78 
-78 
-77 
-77 
-77 
-77 
-77 
-76 
-76 
-76 
-76 
-76 
-76 
-76 
-76 
-75 
-75 
-75 
-75 
-75 
-75 
-75 
-74 
-74 
-74 
-74 
-74 
-73 
-73 
-71 
-59 
-44 
-29 
-19 
-17 
-14 
-11 
-8 
-14 
-33 
-52 
-66 
-77 
-84 
-90 
-91 
-88 
-84 
-81 
-80 
-97 
-69 
115 
226 
224 
105 
-98 
-174 
-176 
-151 
-122 
-104 
-93 
-8 
-9 
-6 
-4 
-1 
5 
13 
22 
24 
16 
1 
-10 
-23 
-40 
-56 
-68 
-74 
-75 
-78 
-77 
-75 
-79 
-79 
-82 
-86 
-92 
-94 
-92 
-90 
-87 
-86 
-85 
-84 
-83 
-82 
-82 
-82 
-82 
-82 
-81 
-81 
-81 
-80 
-80 
-80 
-80 
-80 
-80 
-79 
-79 
-79 
-79 
-79 
-79 
-79 
-78 
-78 
-78 
-77 
-78 
-77 
-77 
-77 
-77 
-77 
-77 
-77 
-76 
-76 
-76 
-76 
-75 
-75 
-75 
-75 
-75 
-75 
-75 
-74 
-74 
-74 
-74 
-74 
-74 
-74 
-74 
-71 
-59 
-44 
-29 
-20 
-17 
-14 
-10 
-8 
-14 
-34 
-52 
-67 
-78 
-84 
-90 
-91 
-88 
-84 
-81 
-81 
-99 
-65 
123 
227 
224 
96 
-103 
-175 
-175 
-150 
-122 
-104 
-93 
-8 
-9 
-6 
-5 
-2 
4 
11 
20 
25 
18 
4 
-8 
-20 
-36 
-53 
-65 
-74 
-75 
-78 
-78 
-75 
-78 
-79 
-81 
-85 
-92 
-94 
-93 
-90 
-88 
-86 
-85 
-84 
-83 
-83 
-82 
-82 
-81 
-81 
-81 
-81 
-81 
-81 
-80 
-80 
-80 
-80 
-80 
-79 
-79 
-79 
-79 
-79 
-79 
-79 
-79 
-78 
-77 
-77 
-77 
-77 
-77 
-77 
-77 
-76 
-77 
-76 
-76 
-76 
-76 
-76 
-76 
-76 
-75 
-75 
-75 
-74 
-75 
-75 
-74 
-74 
-74 
-74 
-74 
-74 
-74 
-73 
-65 
-52 
-36 
-23 
-19 
-15 
-13 
-9 
-9 
-24 
-43 
-60 
-72 
-82 
-87 
-91 
-89 
-86 
-82 
-80 
-86 
-100 
17 
223 
227 
202 
-25 
-153 
-181 
-164 
-134 
-111 
-98 
-90 
-85 
-82 
-80 
-71 
-57 
-44 
-32 
-23 
-14 
-8 
-10 
-7 
-6 
-2 
1 
8 
17 
24 
22 
9 
-4 
-16 
-29 
-48 
-62 
-72 
-75 
-77 
-78 
-76 
-78 
-79 
-80 
-85 
-91 
-94 
-93 
-90 
-88 
-86 
-85 
-84 
-83 
-82 
-82 
-82 
-82 
-81 
-81 
-81 
-81 
-81 
-80 
-80 
-80 
-80 
-80 
-79 
-79 
-79 
-79 
-79 
-78 
-78 
-78 
-78 
-78 
-78 
-77 
-77 
-77 
-77 
-77 
-77 
-77 
-76 
-76 
-76 
-76 
-76 
-76 
-75 
-75 
-75 
-75 
-75 
-75 
-74 
-74 
-74 
-74 
-74 
-74 
-73 
-73 
-71 
-58 
-43 
-28 
-19 
-17 
-14 
-10 
-8 
-15 
-34 
-53 
-67 
-78 
-85 
-90 
-90 
-88 
-84 
-81 
-81 
-101 
-58 
139 
227 
223 
80 
-110 
-176 
-174 
-148 
-121 
-103 
-93 
-8 
-9 
-6 
-5 
-1 
4 
12 
20 
24 
18 
4 
-8 
-20 
-37 
-54 
-66 
-74 
-75 
-78 
-78 
-75 
-78 
-79 
-81 
-85 
-92 
-94 
-93 
-90 
-88 
-86 
-85 
-84 
-83 
-82 
-82 
-82 
-82 
-81 
-81 
-81 
-81 
-81 
-80 
-80 
-80 
-80 
-80 
-79 
-79 
-79 
-79 
-79 
-79 
-78 
-78 
-78 
-78 
-78 
-78 
-77 
-77 
-77 
-77 
-76 
-76 
-76 
-76 
-76 
-76 
-75 
-75 
-75 
-75 
-75 
-75 
-75 
-74 
-74 
-74 
-74 
-74 
-74 
-74 
-73 
-73 
-73 
-64 
-50 
-34 
-22 
-18 
-15 
-12 
-9 
-10 
-25 
-45 
-61 
-73 
-83 
-88 
-91 
-89 
-86 
-82 
-80 
-87 
-98 
33 
224 
227 
186 
-44 
-160 
-180 
-161 
-131 
-109 
-96 
-89 
-84 
-82 
-80 
-65 
-52 
-39 
-28 
-19 
-10 
-8 
-9 
-6 
-5 
-1 
4 
12 
21 
25 
18 
4 
-8 
-20 
-37 
-54 
-66 
-74 
-75 
-78 
-77 
-75 
-78 
-79 
-81 
-85 
-92 
-94 
-92 
-90 
-88 
-86 
-85 
-84 
-83 
-83 
-82 
-82 
-82 
-81 
-81 
-81 
-81 
-81 
-81 
-80 
-80 
-80 
-80 
-80 
-79 
-79 
-79 
-79 
-79 
-78 
-78 
-78 
-78 
-78 
-77 
-77 
-77 
-77 
-77 
-77 
-77 
-76 
-76 
-76 
-76 
-76 
-76 
-76 
-75 
-75 
-75 
-75 
-75 
-74 
-74 
-74 
-74 
-74 
-74 
-73 
-74 
-74 
-69 
-57 
-40 
-26 
-19 
-16 
-13 
-9 
-9 
-22 
-43 
-59 
-72 
-82 
-87 
-91 
-90 
-86 
-82 
-80 
-86 
-101 
12 
223 
227 
205 
-20 
-151 
-181 
-165 
-135 
-111 
-98 
-90 
-85 
-82 
-81 
-71 
-57 
-44 
-32 
-22 
-14 
-8 
-9 
-7 
-6 
-2 
2 
9 
17 
24 
21 
9 
-4 
-16 
-30 
-49 
-62 
-72 
-75 
-77 
-78 
-75 
-77 
-79 
-79 
-84 
-90 
-94 
-93 
-91 
-89 
-87 
-85 
-84 
-84 
-83 
-83 
-82 
-82 
-81 
-81 
-81 
-81 
-81 
-80 
-80 
-80 
-80 
-80 
-80 
-80 
-79 
-79 
-79 
-79 
-79 
-78 
-78 
-78 
-78 
-77 
-77 
-77 
-77 
-77 
-77 
-77 
-76 
-76 
-76 
-76 
-76 
-76 
-76 
-75 
-75 
-75 
-75 
-75 
-75 
-74 
-74 
-74 
-74 
-74 
-74 
-74 
-74 
-72 
-61 
-46 
-31 
-20 
-18 
-14 
-11 
-8 
-13 
-31 
-53 
-68 
-79 
-85 
-90 
-90 
-87 
-84 
-81 
-84 
-101 
18 
224 
227 
191 
-40 
-158 
-180 
-161 
-132 
-110 
-97 
-89 
-85 
-82 
-80 
-2 
1 
8 
17 
24 
22 
10 
-3 
-15 
-29 
-48 
-62 
-72 
-75 
-77 
-78 
-76 
-77 
-79 
-79 
-84 
-90 
-94 
-93 
-91 
-89 
-87 
-85 
-84 
-84 
-83 
-83 
-82 
-82 
-82 
-81 
-81 
-81 
-80 
-80 
-80 
-80 
-80 
-80 
-80 
-80 
-79 
-79 
-79 
-79 
-78 
-78 
-78 
-78 
-78 
-78 
-78 
-78 
-77 
-77 
-77 
-77 
-76 
-76 
-76 
-76 
-76 
-75 
-75 
-75 
-75 
-75 
-75 
-75 
-74 
-75 
-74 
-74 
-74 
-74 
-74 
-74 
-74 
-73 
-62 
-48 
-33 
-21 
-18 
-15 
-12 
-8 
-12 
-28 
-48 
-63 
-75 
-83 
-89 
-91 
-89 
-85 
-82 
-80 
-91 
-90 
66 
226 
226 
135 
-87 
-172 
-176 
-151 
-122 
-104 
-93 
-86 
-82 
-81 
-74 
-59 
-46 
-34 
-24 
-15 
-8 
-9 
-7 
-6 
-3 
1 
7 
16 
23 
23 
12 
-2 
-14 
-27 
-46 
-60 
-71 
-75 
-76 
-78 
-76 
-76 
-79 
-79 
-84 
-89 
-93 
-94 
-91 
-89 
-87 
-86 
-84 
-84 
-83 
-82 
-82 
-82 
-82 
-81 
-81 
-81 
-80 
-81 
-80 
-80 
-80 
-80 
-80 
-80 
-79 
-79 
-79 
-79 
-78 
-78 
-78 
-78 
-78 
-78 
-78 
-77 
-77 
-77 
-76 
-77 
-76 
-76 
-76 
-76 
-76 
-76 
-75 
-75 
-75 
-75 
-75 
-75 
-74 
-73 
-72 
-64 
-50 
-34 
-22 
-18 
-15 
-12 
-9 
-10 
-26 
-45 
-61 
-74 
-83 
-88 
-91 
-89 
-86 
-82 
-80 
-88 
-96 
40 
224 
226 
184 
-46 
-160 
-180 
-160 
-130 
-109 
-96 
-89 
-84 
-82 
-79 
-66 
-52 
-40 
-29 
-19 
-11 
-8 
-9 
-6 
-5 
-1 
4 
12 
21 
25 
16 
2 
-10 
-22 
-40 
-57 
-68 
-74 
-76 
-78 
-77 
-75 
-78 
-78 
-82 
-87 
-93 
-94 
-92 
-90 
-87 
-86 
-84 
-84 
-83 
-83 
-82 
-82 
-82 
-81 
-81 
-81 
-81 
-80 
-80 
-80 
-80 
-80 
-79 
-79 
-79 
-79 
-79 
-79 
-78 
-78 
-78 
-78 
-78 
-78 
-77 
-77 
-77 
-77 
-77 
-77 
-76 
-76 
-76 
-76 
-76 
-75 
-75 
-75 
-75 
-75 
-75 
-75 
-75 
-74 
-74 
-74 
-74 
-74 
-74 
-74 
-73 
-73 
-65 
-51 
-36 
-23 
-19 
-15 
-12 
-8 
-10 
-24 
-44 
-60 
-73 
-82 
-88 
-91 
-89 
-86 
-82 
-80 
-87 
-99 
25 
224 
227 
197 
-31 
-155 
-181 
-163 
-133 
-111 
-97 
-89 
-85 
-82 
-80 
-2 
1 
8 
16 
24 
22 
11 
-3 
-14 
-28 
-47 
-61 
-71 
-74 
-77 
-78 
-76 
-77 
-79 
-79 
-84 
-92 
-94 
-92 
-90 
-87 
-86 
-85 
-84 
-83 
-83 
-82 
-82 
-81 
-81 
-81 
-80 
-80 
-80 
-80 
-80 
-80 
-80 
-80 
-79 
-80 
-79 
-79 
-79 
-79 
-78 
-78 
-78 
-78 
-77 
-77 
-77 
-77 
-77 
-77 
-76 
-77 
-76 
-76 
-76 
-76 
-76 
-75 
-75 
-75 
-75 
-75 
-75 
-75 
-74 
-74 
-74 
-74 
-74 
-74 
-74 
-74 
-73 
-67 
-54 
-38 
-25 
-19 
-16 
-13 
-9 
-9 
-20 
-40 
-58 
-71 
-81 
-87 
-91 
-90 
-86 
-83 
-80 
-84 
-104 
-12 
214 
227 
215 
6 
-143 
-180 
-167 
-138 
-114 
-99 
-90 
-85 
-82 
-81 
-73 
-56 
-43 
-32 
-22 
-13 
-8 
-9 
-7 
-6 
-2 
1 
9 
17 
24 
21 
9 
-5 
-16 
-30 
-49 
-62 
-72 
-74 
-77 
-78 
-76 
-78 
-79 
-81 
-85 
-91 
-94 
-93 
-91 
-88 
-86 
-85 
-84 
-83 
-83 
-82 
-82 
-82 
-82 
-82 
-81 
-81 
-81 
-80 
-80 
-80 
-80 
-80 
-80 
-79 
-79 
-79 
-78 
-78 
-78 
-78 
-78 
-78 
-77 
-77 
-77 
-77 
-77 
-77 
-77 
-76 
-76 
-76 
-76 
-76 
-76 
-75 
-75 
-75 
-75 
-75 
-75 
-74 
-75 
-74 
-74 
-74 
-74 
-74 
-74 
-74 
-73 
-66 
-52 
-36 
-24 
-19 
-15 
-13 
-8 
-10 
-23 
-43 
-59 
-72 
-82 
-87 
-91 
-90 
-86 
-83 
-80 
-85 
-101 
12 
222 
227 
203 
-23 
-153 
-180 
-164 
-134 
-111 
-97 
-90 
-85 
-82 
-80 
-70 
-56 
-43 
-32 
-22 
-14 
-8 
-9 
-7 
-6 
-2 
2 
9 
17 
24 
21 
9 
-4 
-16 
-30 
-48 
-62 
-72 
-74 
-77 
-78 
-76 
-77 
-79 
-79 
-84 
-90 
-94 
-93 
-91 
-89 
-87 
-86 
-84 
-83 
-83 
-82 
-82 
-82 
-81 
-81 
-81 
-81 
-81 
-80 
-80 
-80 
-80 
-80 
-80 
-79 
-79 
-79 
-79 
-78 
-78 
-78 
-78 
-78 
-78 
-77 
-77 
-77 
-77 
-77 
-77 
-77 
-76 
-76 
-76 
-76 
-76 
-76 
-75 
-75 
-75 
-75 
-75 
-75 
-74 
-74 
-74 
-74 
-74 
-74 
-74 
-74 
-73 
-70 
-56 
-41 
-27 
-19 
-17 
-14 
-9 
-8 
-17 
-37 
-55 
-69 
-79 
-85 
-91 
-90 
-87 
-84 
-80 
-82 
-104 
-42 
168 
227 
221 
50 
-125 
-179 
-172 
-144 
-118 
-101 
-91 
-86 
-83 
-81 
-73 
-59 
-46 
-34 
-24 
-15 
-8 
-9 
-7 
-6 
-3 
1 
7 
15 
23 
23 
12 
-2 
-14 
-27 
-46 
-60 
-71 
-75 
-77 
-79 
-76 
-77 
-79 
-80 
-84 
-90 
-94 
-93 
-91 
-89 
-87 
-85 
-84 
-83 
-82 
-82 
-82 
-82 
-82 
-81 
-81 
-81 
-80 
-81 
-80 
-80 
-80 
-80 
-80 
-79 
-79 
-79 
-79 
-78 
-78 
-78 
-78 
-78 
-78 
-78 
-77 
-77 
-77 
-77 
-77 
-76 
-76 
-76 
-76 
-76 
-76 
-76 
-75 
-75 
-75 
-75 
-75 
-74 
-72 
-60 
-46 
-31 
-20 
-18 
-14 
-11 
-8 
-13 
-31 
-49 
-64 
-76 
-84 
-89 
-91 
-88 
-85 
-81 
-80 
-94 
-80 
88 
226 
225 
135 
-82 
-170 
-178 
-154 
-125 
-106 
-94 
-88 
-84 
-81 
-78 
-64 
-50 
-38 
-27 
-18 
-10 
-8 
-9 
-6 
-4 
-1 
5 
12 
21 
25 
16 
2 
-10 
-22 
-39 
-56 
-67 
-74 
-75 
-79 
-77 
-75 
-78 
-79 
-82 
-86 
-92 
-94 
-92 
-90 
-88 
-86 
-84 
-84 
-83 
-82 
-82 
-82 
-81 
-81 
-81 
-81 
-81 
-81 
-81 
-80 
-80 
-80 
-80 
-79 
-79 
-79 
-79 
-79 
-78 
-78 
-78 
-78 
-78 
-78 
-77 
-77 
-77 
-77 
-77 
-77 
-76 
-77 
-76 
-76 
-76 
-76 
-75 
-76 
-75 
-75 
-75 
-75 
-75 
-74 
-74 
-74 
-74 
-74 
-74 
-74 
-74 
-72 
-60 
-45 
-30 
-20 
-18 
-14 
-11 
-8 
-14 
-32 
-51 
-66 
-77 
-84 
-90 
-91 
-88 
-84 
-82 
-80 
-96 
-72 
107 
227 
224 
115 
-93 
-173 
-176 
-152 
-123 
-104 
-93 
-87 
-83 
-81 
-78 
-65 
-51 
-39 
-28 
-19 
-11 
-8 
-9 
-6 
-5 
-1 
4 
12 
21 
24 
17 
3 
-9 
-21 
-38 
-55 
-66 
-74 
-75 
-78 
-77 
-75 
-78 
-79 
-81 
-86 
-92 
-94 
-92 
-90 
-88 
-86 
-85 
-84 
-83 
-83 
-82 
-82 
-82 
-81 
-81 
-81 
-81 
-80 
-80 
-80 
-80 
-80 
-80 
-79 
-79 
-79 
-79 
-78 
-78 
-78 
-78 
-78 
-78 
-78 
-78 
-77 
-77 
-77 
-77 
-77 
-76 
-76 
-76 
-76 
-76 
-76 
-75 
-75 
-75 
-75 
-75 
-75 
-75 
-75 
-74 
-74 
-74 
-74 
-74 
-74 
-74 
-74 
-66 
-52 
-35 
-23 
-18 
-15 
-12 
-8 
-10 
-26 
-45 
-61 
-74 
-83 
-88 
-91 
-89 
-86 
-83 
-80 
-88 
-96 
38 
224 
227 
186 
-44 
-159 
-180 
-161 
-131 
-109 
-96 
-8 
-9 
-7 
-6 
-3 
1 
8 
16 
24 
22 
10 
-4 
-15 
-29 
-47 
-62 
-72 
-74 
-77 
-78 
-76 
-77 
-79 
-79 
-84 
-90 
-94 
-93 
-91 
-89 
-87 
-85 
-84 
-83 
-83 
-82 
-82 
-82 
-82 
-81 
-81 
-81 
-81 
-80 
-80 
-80 
-80 
-80 
-79 
-79 
-79 
-79 
-79 
-78 
-78 
-78 
-78 
-78 
-77 
-77 
-77 
-77 
-77 
-77 
-77 
-77 
-76 
-76 
-76 
-76 
-76 
-76 
-76 
-75 
-75 
-75 
-75 
-75 
-75 
-74 
-74 
-74 
-74 
-74 
-74 
-74 
-74 
-72 
-62 
-48 
-32 
-21 
-18 
-14 
-11 
-8 
-14 
-33 
-52 
-67 
-78 
-85 
-90 
-91 
-88 
-84 
-81 
-82 
-102 
-52 
150 
227 
222 
68 
-116 
-177 
-173 
-145 
-119 
-102 
-92 
-86 
-83 
-81 
-3 
0 
6 
14 
23 
24 
14 
-1 
-13 
-25 
-44 
-59 
-69 
-74 
-76 
-78 
-76 
-76 
-79 
-79 
-83 
-88 
-93 
-94 
-92 
-89 
-87 
-85 
-84 
-84 
-83 
-82 
-82 
-82 
-82 
-81 
-81 
-81 
-80 
-80 
-80 
-80 
-80 
-80 
-80 
-79 
-79 
-79 
-79 
-78 
-78 
-78 
-78 
-78 
-78 
-77 
-77 
-77 
-77 
-77 
-76 
-76 
-76 
-76 
-76 
-76 
-76 
-76 
-75 
-75 
-75 
-75 
-75 
-75 
-75 
-75 
-75 
-74 
-74 
-74 
-74 
-74 
-74 
-74 
-65 
-52 
-35 
-23 
-18 
-15 
-13 
-8 
-10 
-24 
-44 
-60 
-72 
-82 
-87 
-91 
-89 
-86 
-82 
-80 
-90 
-89 
70 
226 
226 
136 
-84 
-170 
-177 
-153 
-125 
-105 
-94 
-8 
-8 
-6 
-5 
-1 
4 
12 
21 
24 
17 
3 
-9 
-21 
-38 
-55 
-66 
-74 
-75 
-78 
-77 
-75 
-78 
-79 
-82 
-86 
-92 
-94 
-92 
-90 
-88 
-86 
-85 
-84 
-83 
-83 
-82 
-82 
-82 
-81 
-81 
-81 
-81 
-80 
-80 
-80 
-80 
-80 
-80 
-79 
-79 
-79 
-79 
-79 
-78 
-78 
-78 
-78 
-78 
-78 
-77 
-77 
-77 
-77 
-77 
-77 
-77 
-76 
-76 
-76 
-76 
-76 
-76 
-75 
-75 
-75 
-75 
-75 
-75 
-75 
-74 
-74 
-74 
-74 
-74 
-74 
-74 
-73 
-63 
-50 
-34 
-22 
-18 
-15 
-12 
-8 
-11 
-27 
-47 
-62 
-74 
-83 
-88 
-91 
-89 
-85 
-82 
-80 
-89 
-92 
54 
225 
226 
170 
-61 
-166 
-178 
-155 
-125 
-105 
-94 
-87 
-83 
-81 
-73 
-59 
-46 
-35 
-24 
-15 
-9 
-9 
-7 
-6 
-3 
1 
7 
16 
24 
23 
11 
-3 
-14 
-27 
-47 
-61 
-71 
-75 
-77 
-79 
-76 
-77 
-79 
-79 
-85 
-91 
-94 
-93 
-90 
-88 
-86 
-85 
-84 
-83 
-83 
-82 
-82 
-82 
-81 
-81 
-81 
-81 
-81 
-80 
-80 
-80 
-80 
-79 
-79 
-79 
-79 
-79 
-79 
-78 
-78 
-78 
-78 
-78 
-78 
-77 
-77 
-77 
-77 
-77 
-77 
-76 
-76 
-76 
-76 
-76 
-76 
-76 
-75 
-75 
-75 
-75 
-75 
-75 
-75 
