90 
90 
90 
91 
90 
90 
90 
91 
93 
102 
112 
118 
119 
123 
123 
123 
121 
110 
93 
82 
76 
74 
75 
75 
79 
86 
89 
92 
91 
74 
130 
294 
272 
151 
0 
-74 
-45 
3 
45 
72 
84 
90 
114 
111 
111 
109 
109 
111 
115 
118 
116 
106 
92 
85 
79 
68 
62 
60 
61 
66 
67 
74 
78 
76 
78 
77 
83 
83 
85 
89 
91 
94 
95 
95 
96 
97 
98 
97 
97 
96 
97 
97 
97 
97 
97 
98 
97 
97 
97 
98 
97 
97 
97 
97 
97 
97 
98 
98 
90 
88 
88 
88 
89 
89 
89 
89 
89 
89 
90 
88 
90 
89 
90 
90 
90 
90 
90 
90 
89 
89 
89 
90 
90 
90 
90 
90 
90 
90 
91 
96 
111 
123 
129 
127 
124 
121 
122 
116 
100 
86 
78 
75 
74 
74 
78 
85 
90 
92 
92 
78 
112 
267 
289 
167 
27 
-72 
-53 
-4 
39 
67 
82 
90 
116 
111 
111 
108 
110 
111 
115 
118 
116 
107 
94 
87 
80 
70 
63 
59 
60 
66 
68 
72 
77 
83 
87 
87 
86 
83 
84 
87 
90 
93 
95 
96 
96 
97 
97 
97 
97 
97 
97 
98 
97 
98 
98 
98 
96 
97 
97 
97 
98 
97 
97 
97 
97 
90 
88 
88 
88 
88 
88 
88 
89 
89 
89 
89 
89 
89 
90 
90 
90 
89 
89 
89 
89 
90 
90 
90 
90 
90 
91 
90 
91 
91 
90 
90 
90 
98 
104 
114 
124 
128 
126 
124 
122 
122 
119 
107 
91 
81 
75 
73 
74 
75 
80 
85 
90 
93 
89 
76 
175 
336 
222 
109 
-53 
-66 
-21 
27 
61 
72 
78 
83 
85 
86 
88 
97 
106 
112 
116 
118 
120 
117 
111 
112 
108 
110 
111 
115 
117 
117 
109 
97 
87 
80 
72 
64 
60 
60 
65 
67 
78 
86 
86 
87 
88 
86 
83 
83 
87 
90 
92 
95 
95 
96 
97 
97 
97 
97 
98 
97 
97 
97 
97 
97 
97 
97 
97 
97 
97 
97 
97 
97 
90 
87 
87 
87 
88 
88 
89 
88 
89 
89 
89 
89 
89 
89 
89 
89 
90 
89 
89 
89 
89 
90 
89 
90 
90 
89 
90 
90 
89 
89 
89 
90 
97 
99 
99 
99 
100 
111 
119 
126 
128 
123 
122 
122 
120 
111 
94 
83 
76 
73 
74 
74 
78 
84 
88 
92 
93 
77 
112 
265 
290 
167 
29 
-72 
-60 
-14 
29 
59 
74 
80 
84 
86 
87 
92 
102 
109 
114 
117 
118 
119 
114 
111 
110 
109 
110 
113 
117 
118 
109 
97 
88 
81 
73 
64 
60 
67 
74 
76 
80 
85 
85 
86 
86 
85 
82 
82 
86 
89 
93 
95 
95 
96 
97 
97 
97 
96 
97 
97 
97 
97 
97 
96 
97 
97 
97 
96 
96 
89 
88 
88 
88 
88 
88 
88 
89 
89 
89 
90 
90 
90 
90 
89 
89 
89 
89 
90 
90 
90 
90 
89 
89 
89 
91 
91 
90 
90 
91 
90 
91 
103 
114 
124 
129 
127 
124 
123 
122 
118 
106 
90 
80 
76 
73 
75 
75 
81 
87 
90 
93 
90 
74 
158 
331 
245 
132 
-31 
-72 
-34 
14 
53 
75 
78 
80 
84 
86 
88 
97 
106 
111 
116 
118 
120 
117 
111 
111 
109 
110 
111 
114 
117 
118 
110 
97 
88 
81 
73 
64 
60 
60 
65 
67 
71 
84 
86 
87 
88 
85 
83 
83 
87 
91 
93 
94 
95 
96 
96 
97 
97 
96 
97 
97 
97 
97 
97 
97 
97 
97 
97 
96 
96 
97 
97 
97 
97 
90 
87 
88 
88 
88 
88 
89 
89 
89 
89 
89 
89 
89 
88 
90 
89 
89 
89 
90 
89 
89 
90 
90 
90 
89 
90 
90 
89 
89 
90 
90 
90 
97 
99 
99 
104 
113 
123 
128 
126 
123 
121 
121 
118 
105 
90 
80 
75 
72 
74 
76 
80 
86 
90 
93 
89 
74 
159 
331 
245 
132 
-31 
-73 
-35 
5 
43 
65 
75 
81 
84 
87 
87 
94 
104 
113 
117 
119 
119 
113 
111 
110 
110 
110 
112 
116 
118 
113 
102 
90 
83 
77 
66 
60 
60 
63 
74 
79 
84 
86 
85 
88 
86 
84 
82 
85 
89 
92 
94 
95 
96 
96 
97 
96 
97 
97 
97 
97 
97 
97 
98 
97 
97 
97 
97 
97 
96 
96 
90 
88 
87 
89 
89 
89 
89 
89 
89 
89 
90 
90 
89 
89 
89 
90 
90 
90 
90 
90 
89 
89 
89 
90 
90 
90 
90 
90 
90 
90 
91 
91 
97 
100 
99 
100 
99 
101 
111 
120 
127 
128 
124 
122 
121 
120 
111 
94 
82 
77 
74 
74 
74 
78 
84 
89 
92 
92 
77 
113 
268 
288 
166 
25 
-79 
-62 
-14 
29 
60 
73 
81 
115 
111 
110 
110 
109 
112 
115 
119 
115 
105 
92 
86 
78 
68 
69 
69 
71 
76 
77 
82 
86 
84 
87 
85 
84 
82 
84 
88 
90 
93 
94 
95 
95 
96 
97 
96 
96 
96 
96 
97 
97 
96 
97 
97 
97 
97 
90 
87 
88 
88 
88 
89 
89 
89 
88 
89 
89 
89 
89 
88 
89 
89 
89 
89 
89 
89 
89 
90 
90 
89 
89 
90 
90 
90 
90 
90 
90 
90 
98 
100 
100 
99 
99 
98 
98 
98 
101 
110 
119 
126 
127 
123 
122 
122 
120 
111 
94 
82 
75 
72 
74 
74 
78 
84 
89 
92 
92 
75 
117 
274 
278 
153 
9 
-83 
-60 
-11 
31 
60 
74 
81 
116 
111 
111 
109 
109 
112 
114 
118 
117 
107 
94 
94 
89 
80 
72 
69 
69 
74 
76 
80 
86 
85 
86 
86 
85 
81 
83 
86 
90 
92 
94 
95 
96 
96 
96 
97 
97 
97 
97 
97 
97 
96 
96 
90 
87 
87 
87 
87 
88 
88 
89 
89 
89 
89 
88 
88 
89 
90 
90 
90 
90 
89 
89 
89 
90 
89 
90 
90 
90 
89 
90 
89 
89 
90 
90 
97 
100 
99 
98 
99 
99 
98 
98 
98 
98 
97 
98 
106 
114 
123 
128 
124 
123 
121 
121 
117 
101 
87 
78 
75 
73 
74 
76 
81 
86 
90 
92 
80 
70 
181 
322 
211 
102 
-59 
-77 
-35 
12 
49 
69 
78 
82 
86 
87 
88 
96 
105 
111 
116 
117 
119 
118 
111 
111 
109 
110 
110 
113 
117 
125 
120 
107 
98 
91 
83 
73 
69 
68 
73 
75 
79 
84 
84 
86 
87 
84 
81 
83 
86 
90 
92 
94 
94 
95 
96 
97 
97 
96 
96 
97 
97 
90 
87 
87 
88 
88 
88 
88 
88 
89 
89 
89 
89 
89 
89 
89 
89 
89 
89 
89 
90 
90 
90 
90 
90 
90 
90 
90 
90 
90 
90 
90 
89 
98 
99 
99 
99 
98 
98 
99 
99 
98 
98 
98 
98 
99 
99 
100 
111 
120 
127 
127 
123 
121 
121 
119 
110 
93 
81 
75 
73 
73 
74 
79 
84 
82 
83 
82 
65 
115 
277 
269 
148 
0 
-82 
-56 
-8 
34 
61 
74 
81 
116 
112 
111 
109 
110 
119 
125 
127 
125 
115 
103 
95 
89 
78 
71 
68 
69 
74 
76 
80 
85 
84 
86 
86 
85 
81 
83 
86 
90 
92 
94 
95 
95 
96 
97 
97 
96 
89 
88 
88 
88 
88 
88 
89 
89 
88 
88 
88 
89 
89 
89 
89 
89 
89 
89 
89 
89 
89 
89 
89 
90 
90 
89 
89 
90 
90 
90 
90 
90 
97 
100 
100 
99 
99 
99 
98 
98 
99 
98 
98 
98 
98 
98 
98 
98 
98 
98 
106 
116 
125 
128 
125 
123 
122 
120 
115 
100 
86 
78 
74 
72 
66 
66 
72 
77 
82 
84 
78 
74 
195 
316 
199 
86 
-66 
-74 
-28 
18 
53 
71 
80 
83 
87 
87 
88 
101 
108 
114 
117 
119 
120 
116 
112 
118 
119 
120 
121 
124 
127 
125 
115 
102 
95 
88 
78 
70 
68 
69 
74 
76 
81 
85 
84 
85 
86 
85 
81 
83 
87 
90 
92 
94 
95 
95 
96 
89 
87 
87 
87 
88 
88 
88 
88 
88 
88 
89 
89 
89 
89 
88 
89 
89 
89 
89 
89 
90 
90 
90 
89 
89 
90 
90 
90 
90 
90 
90 
89 
97 
99 
99 
99 
98 
98 
98 
99 
98 
98 
98 
98 
99 
99 
98 
98 
98 
98 
99 
98 
97 
102 
111 
121 
127 
125 
123 
121 
121 
117 
103 
87 
72 
65 
63 
65 
67 
72 
78 
83 
84 
79 
70 
178 
326 
215 
106 
-57 
-77 
-36 
11 
49 
70 
78 
83 
86 
88 
88 
96 
106 
112 
116 
119 
126 
128 
122 
120 
118 
119 
119 
122 
125 
126 
119 
106 
97 
90 
82 
72 
69 
68 
72 
75 
78 
84 
84 
85 
86 
84 
81 
81 
85 
89 
91 
93 
87 
86 
85 
86 
87 
88 
88 
89 
88 
88 
89 
88 
89 
89 
89 
89 
89 
89 
88 
89 
89 
89 
89 
89 
90 
89 
89 
89 
90 
90 
90 
90 
96 
99 
99 
99 
99 
98 
98 
98 
98 
97 
98 
98 
98 
98 
97 
97 
98 
98 
98 
98 
98 
97 
97 
97 
99 
108 
118 
125 
127 
123 
122 
121 
113 
103 
86 
72 
66 
64 
66 
67 
72 
77 
81 
84 
81 
70 
183 
322 
203 
91 
-64 
-74 
-30 
17 
51 
70 
79 
84 
86 
88 
89 
118 
118 
121 
125 
126 
119 
107 
97 
91 
83 
72 
68 
67 
72 
74 
78 
83 
84 
84 
86 
84 
81 
81 
85 
82 
82 
83 
86 
87 
87 
88 
88 
88 
88 
88 
89 
89 
89 
89 
89 
89 
89 
89 
89 
89 
88 
89 
89 
89 
89 
90 
90 
89 
89 
89 
89 
96 
98 
99 
99 
98 
98 
99 
99 
98 
98 
98 
98 
98 
98 
98 
98 
98 
98 
98 
97 
98 
98 
98 
98 
98 
97 
97 
98 
107 
117 
124 
127 
116 
112 
111 
111 
104 
89 
75 
69 
65 
65 
65 
69 
74 
79 
83 
85 
75 
84 
222 
299 
175 
41 
-78 
-62 
-13 
31 
61 
75 
82 
86 
88 
95 
103 
114 
120 
124 
127 
128 
128 
121 
120 
118 
118 
119 
121 
125 
126 
121 
109 
98 
91 
84 
73 
69 
67 
71 
75 
77 
83 
85 
84 
86 
84 
75 
72 
75 
79 
82 
84 
85 
87 
87 
88 
88 
88 
88 
88 
89 
89 
89 
89 
88 
89 
89 
89 
89 
89 
89 
90 
90 
89 
89 
90 
90 
90 
96 
98 
99 
98 
99 
98 
98 
98 
97 
98 
98 
98 
98 
98 
98 
98 
98 
98 
98 
98 
97 
97 
98 
99 
106 
115 
124 
127 
124 
122 
121 
119 
108 
90 
76 
69 
64 
63 
65 
67 
73 
78 
83 
84 
77 
76 
201 
312 
196 
84 
-67 
-73 
-28 
18 
53 
71 
80 
83 
87 
87 
89 
100 
108 
120 
126 
128 
129 
125 
120 
119 
117 
118 
120 
123 
126 
124 
112 
100 
93 
87 
76 
69 
68 
70 
74 
77 
81 
85 
84 
87 
85 
83 
81 
83 
87 
83 
84 
84 
86 
86 
87 
87 
88 
88 
88 
88 
88 
88 
88 
89 
89 
89 
88 
88 
89 
89 
89 
89 
89 
89 
89 
89 
90 
90 
90 
89 
90 
97 
99 
99 
99 
98 
99 
98 
98 
98 
98 
99 
98 
99 
98 
98 
98 
97 
97 
98 
98 
98 
97 
98 
98 
97 
98 
98 
105 
115 
123 
127 
123 
115 
112 
112 
106 
92 
78 
70 
65 
64 
65 
67 
73 
78 
83 
84 
78 
73 
189 
321 
207 
97 
-61 
-75 
-33 
14 
50 
70 
79 
84 
86 
87 
95 
119 
118 
121 
124 
126 
119 
107 
97 
91 
83 
72 
68 
67 
72 
74 
78 
83 
84 
84 
87 
84 
72 
73 
78 
81 
84 
85 
86 
87 
88 
88 
89 
89 
89 
89 
89 
90 
90 
89 
89 
89 
89 
89 
89 
89 
89 
89 
90 
89 
89 
90 
90 
90 
97 
99 
99 
99 
98 
98 
98 
98 
97 
98 
98 
98 
98 
98 
98 
98 
98 
98 
98 
98 
97 
98 
98 
98 
98 
98 
97 
97 
97 
98 
104 
113 
115 
117 
115 
113 
112 
112 
108 
96 
81 
71 
66 
64 
65 
67 
72 
78 
82 
85 
81 
66 
158 
329 
231 
120 
-44 
-80 
-40 
8 
46 
67 
78 
91 
96 
97 
97 
104 
115 
121 
124 
127 
128 
126 
121 
119 
117 
118 
118 
122 
124 
126 
118 
106 
96 
90 
82 
72 
69 
68 
73 
75 
79 
83 
84 
78 
76 
74 
72 
74 
77 
81 
84 
86 
86 
87 
88 
88 
89 
89 
88 
88 
88 
89 
89 
89 
90 
89 
89 
89 
89 
89 
90 
89 
89 
90 
90 
97 
99 
99 
98 
99 
99 
98 
98 
98 
97 
97 
98 
98 
98 
98 
97 
98 
98 
98 
98 
98 
98 
97 
98 
97 
98 
98 
98 
97 
97 
97 
97 
91 
95 
105 
114 
118 
115 
115 
112 
113 
107 
94 
79 
71 
66 
64 
66 
67 
73 
78 
82 
85 
80 
71 
178 
325 
212 
104 
-57 
-77 
-33 
13 
57 
79 
89 
92 
95 
96 
97 
106 
115 
121 
124 
127 
128 
126 
120 
119 
116 
118 
119 
122 
124 
126 
118 
105 
96 
89 
81 
72 
68 
67 
72 
74 
71 
74 
75 
75 
78 
76 
73 
73 
77 
80 
83 
85 
85 
87 
88 
88 
89 
89 
88 
89 
89 
89 
88 
88 
89 
89 
89 
89 
89 
89 
89 
89 
96 
98 
99 
99 
98 
98 
97 
97 
98 
98 
98 
97 
97 
97 
97 
98 
98 
97 
98 
97 
97 
98 
98 
97 
97 
97 
97 
98 
98 
98 
98 
97 
90 
88 
88 
89 
92 
103 
112 
118 
118 
114 
113 
114 
111 
99 
83 
72 
67 
65 
66 
66 
71 
77 
81 
85 
83 
64 
131 
298 
255 
137 
-20 
-75 
-41 
8 
48 
73 
85 
91 
94 
95 
96 
103 
112 
119 
123 
126 
127 
127 
121 
120 
117 
117 
118 
120 
123 
126 
121 
108 
98 
91 
83 
72 
68 
60 
61 
65 
67 
74 
75 
76 
77 
76 
73 
73 
77 
80 
83 
85 
86 
87 
88 
89 
89 
89 
88 
88 
89 
89 
89 
90 
89 
89 
90 
89 
89 
96 
98 
98 
98 
98 
99 
98 
98 
98 
98 
97 
97 
98 
98 
97 
97 
97 
98 
98 
98 
98 
97 
97 
97 
98 
98 
97 
97 
97 
97 
99 
109 
111 
116 
118 
114 
113 
112 
111 
103 
86 
75 
68 
65 
65 
65 
69 
75 
79 
84 
85 
72 
94 
239 
293 
171 
40 
-77 
-65 
-18 
27 
58 
73 
88 
93 
96 
97 
99 
109 
117 
122 
125 
127 
128 
123 
119 
119 
117 
117 
120 
122 
126 
124 
112 
100 
93 
86 
77 
69 
68 
69 
74 
75 
81 
85 
77 
76 
75 
74 
72 
75 
79 
82 
84 
85 
87 
87 
88 
89 
89 
88 
89 
89 
89 
89 
88 
88 
88 
89 
89 
89 
88 
89 
89 
89 
89 
89 
97 
99 
99 
99 
98 
98 
98 
98 
98 
98 
98 
97 
98 
97 
98 
98 
97 
97 
99 
97 
98 
98 
98 
97 
97 
98 
98 
98 
98 
98 
98 
97 
90 
90 
100 
109 
116 
118 
114 
113 
112 
111 
103 
87 
74 
68 
65 
65 
65 
69 
75 
81 
83 
84 
70 
102 
254 
285 
162 
25 
-79 
-62 
-13 
37 
69 
84 
91 
94 
96 
97 
98 
109 
116 
121 
125 
126 
127 
124 
119 
119 
117 
118 
119 
123 
126 
123 
113 
101 
93 
87 
76 
69 
68 
68 
74 
69 
71 
75 
75 
77 
77 
75 
73 
74 
79 
81 
83 
85 
87 
87 
88 
88 
89 
88 
88 
89 
89 
89 
89 
89 
89 
89 
89 
89 
89 
90 
89 
97 
99 
100 
99 
99 
98 
98 
98 
97 
97 
98 
98 
98 
97 
97 
98 
98 
98 
98 
97 
98 
98 
98 
98 
98 
98 
97 
97 
97 
98 
98 
98 
90 
88 
88 
89 
89 
96 
106 
115 
119 
116 
115 
113 
113 
107 
91 
78 
70 
65 
64 
66 
68 
74 
79 
82 
85 
77 
77 
200 
314 
199 
86 
-59 
-63 
-19 
27 
62 
80 
88 
126 
120 
119 
117 
117 
118 
121 
124 
126 
119 
107 
96 
90 
82 
72 
60 
57 
63 
65 
69 
74 
75 
76 
78 
76 
73 
73 
77 
80 
83 
85 
87 
87 
88 
88 
89 
88 
88 
88 
89 
89 
89 
89 
90 
89 
89 
89 
96 
99 
99 
98 
98 
98 
98 
98 
97 
97 
97 
99 
98 
98 
98 
98 
98 
97 
97 
98 
98 
97 
97 
97 
97 
97 
98 
97 
97 
97 
97 
97 
91 
88 
88 
89 
89 
89 
88 
89 
91 
99 
108 
116 
119 
115 
114 
113 
112 
103 
86 
74 
67 
65 
65 
66 
70 
76 
81 
84 
83 
66 
121 
292 
272 
152 
1 
-72 
-44 
4 
46 
71 
84 
90 
93 
95 
96 
117 
117 
120 
123 
126 
122 
110 
98 
84 
75 
64 
59 
59 
62 
66 
69 
74 
76 
75 
78 
76 
74 
73 
76 
79 
83 
85 
87 
87 
87 
88 
88 
88 
88 
88 
89 
89 
89 
90 
90 
97 
98 
98 
98 
98 
98 
98 
98 
97 
98 
98 
98 
98 
97 
97 
98 
98 
97 
97 
97 
98 
98 
97 
97 
97 
97 
97 
97 
97 
97 
97 
97 
90 
88 
87 
88 
88 
89 
89 
89 
89 
89 
89 
89 
97 
105 
116 
119 
116 
114 
112 
113 
107 
93 
78 
70 
66 
64 
66 
68 
74 
79 
83 
92 
85 
94 
235 
308 
184 
50 
-69 
-54 
-7 
36 
67 
82 
89 
123 
120 
118 
116 
117 
119 
122 
125 
116 
103 
91 
84 
78 
68 
61 
59 
60 
65 
68 
73 
77 
76 
77 
77 
76 
73 
75 
79 
82 
84 
86 
87 
87 
88 
88 
89 
89 
89 
90 
89 
96 
98 
99 
98 
98 
98 
98 
97 
98 
98 
97 
97 
97 
98 
98 
98 
98 
98 
97 
98 
98 
97 
97 
97 
97 
97 
98 
98 
98 
97 
97 
97 
91 
89 
88 
88 
88 
89 
88 
89 
89 
89 
89 
89 
89 
89 
90 
99 
107 
116 
119 
116 
114 
113 
113 
106 
91 
77 
70 
66 
65 
66 
69 
81 
89 
93 
94 
86 
90 
222 
316 
197 
79 
-63 
-60 
-12 
34 
66 
82 
89 
93 
95 
96 
103 
112 
118 
122 
126 
127 
126 
121 
119 
117 
117 
118 
113 
115 
117 
111 
98 
88 
82 
76 
64 
60 
59 
63 
66 
69 
75 
76 
76 
79 
76 
73 
74 
78 
82 
85 
86 
87 
88 
88 
88 
89 
89 
89 
97 
99 
98 
98 
98 
98 
98 
98 
98 
98 
98 
98 
98 
97 
97 
98 
98 
97 
98 
97 
97 
98 
98 
97 
97 
97 
97 
98 
98 
97 
97 
97 
90 
88 
88 
89 
89 
89 
89 
89 
89 
